policy_id,customer_id,product_type,premium_amount,start_date,end_date,status
500000,4365,Medical,,2023-11-01,2028-04-09,
500001,5553,,,2023-02-21,2028-07-11,
500002,1049,Motor,,2024-10-31,2027-01-31,
500003,1368,Motor,,2023-08-17,2026-08-07,Pending
500004,2032,Medical,,2024-02-04,2027-06-27,
500005,3172,Life,,,2026-08-03,Lapsed
500006,2455,Medical,3829,2022-09-10,2026-03-26,Pending
500007,6426,,,2023-04-20,2028-08-21,Lapsed
500008,2608,Medical,,2023-02-05,2028-03-03,Pending
500009,1700,,6788,,2027-07-12,Pending
500010,4486,Life,,2024-03-12,2029-03-04,
500011,720,Travel,,,,Pending
500012,3146,,11281,2022-05-21,2028-04-22,Active
500013,6201,Travel,,2025-01-07,2027-08-13,Pending
500014,91,Gadget,,2022-07-22,2027-09-10,Pending
500015,194,Gadget,10843,,2026-09-22,Lapsed
500016,6538,,3564,2024-01-17,2027-05-04,Pending
500017,3568,Medical,,2022-11-18,2028-07-18,
500018,4296,,8957,2023-12-13,2027-09-08,Lapsed
500019,6153,Gadget,,2024-01-07,2027-01-30,Lapsed
500020,1869,Travel,2334,2022-04-19,2028-06-23,Lapsed
500021,2632,Gadget,825,2023-05-25,2027-01-15,Lapsed
500022,1819,,,2023-06-26,2026-09-02,
500023,46,,7807,2024-05-31,2027-01-07,Lapsed
500024,4927,Travel,,2024-07-28,2029-01-26,Lapsed
500025,1962,Travel,,2022-12-13,2026-05-09,
500026,1237,Medical,10560,2024-05-17,2029-03-11,Pending
500027,2466,Gadget,,2024-09-17,2026-06-29,Active
500028,4254,Gadget,864,2024-11-23,2027-06-29,Pending
500029,3756,,,2025-03-17,2027-03-25,
500030,6608,Life,8425,2024-04-01,2028-11-19,Pending
500031,1281,Life,10025,2024-05-24,2026-04-25,Lapsed
500032,5679,Travel,,2023-04-14,2028-07-07,
500033,1757,,,2022-09-21,2029-02-14,
500034,2282,Medical,,,2028-03-10,Active
500035,15,Motor,,2024-03-14,2028-06-23,Active
500036,6740,,,2022-09-20,2029-01-16,Pending
500037,5798,Gadget,,2022-04-18,2028-05-11,Lapsed
500038,5143,Gadget,,2022-03-30,2027-08-03,Active
500039,927,Travel,,2023-05-16,2027-09-17,Pending
500040,697,Travel,,2022-10-07,2028-07-27,Pending
500041,1233,Gadget,,2023-12-03,2026-11-09,
500042,2044,Travel,9329,2022-03-24,2028-09-09,
500043,4131,Medical,,2022-08-29,2029-03-08,Lapsed
500044,1263,Gadget,,2024-11-26,2028-09-29,
500045,181,Gadget,,2024-10-29,2027-06-15,Lapsed
500046,4127,Life,,2022-08-02,2027-07-07,Lapsed
500047,6554,Travel,,2023-04-18,2028-04-20,
500048,6096,,,2024-05-31,2028-09-17,Pending
500049,1932,Life,,2023-09-16,2026-12-29,
500050,181,Travel,4068,2024-09-06,2026-07-17,Active
500051,1720,Motor,,2025-01-25,2027-08-04,Lapsed
500052,5715,Gadget,,2023-02-19,2028-04-11,Lapsed
500053,1470,Life,,2023-12-10,2028-02-22,Pending
500054,6700,Gadget,11134,2022-10-28,2028-02-22,Pending
500055,3130,,,2023-11-14,2028-11-23,
500056,5581,Life,,2022-11-15,2027-06-06,
500057,5057,Life,,2022-08-09,2026-12-05,Lapsed
500058,653,Motor,10876,2023-11-30,2028-06-25,
500059,1341,Gadget,3760,2022-04-10,2026-06-27,Active
500060,6724,Medical,,2023-12-06,2028-03-21,Active
500061,3251,Travel,11872,2022-10-30,2028-08-15,Lapsed
500062,5245,Gadget,,2024-08-09,2026-08-24,Pending
500063,6846,Travel,2178,2023-05-14,2026-03-25,Lapsed
500064,2029,Medical,,2022-07-03,2028-06-20,Lapsed
500065,2992,,5311,2024-12-17,2027-08-15,Active
500066,5311,,,2024-07-20,2028-08-22,Lapsed
500067,2120,Medical,8752,2023-12-27,2028-06-21,Lapsed
500068,5448,Travel,4977,2023-12-25,2028-05-22,Pending
500069,3960,Travel,,2024-01-16,2026-08-27,
500070,1843,Travel,10102,2024-07-14,2026-10-05,Active
500071,6230,Medical,,2022-07-06,2026-08-04,
500072,3240,Medical,,2022-10-03,2026-08-13,Pending
500073,669,Medical,8273,2024-10-23,2028-03-24,
500074,2377,,,2022-05-30,2026-04-26,Lapsed
500075,2705,,,2022-10-02,2027-09-25,
500076,96,Gadget,,2023-09-09,2027-06-04,Lapsed
500077,3284,Travel,11369,2025-02-20,2028-10-29,Lapsed
500078,5121,,,2024-06-02,2027-10-18,Active
500079,6825,Gadget,9982,2022-05-30,2026-04-13,
500080,6875,Motor,,2024-03-11,2029-02-08,
500081,6807,Medical,6715,2023-09-10,2027-10-18,Active
500082,6418,,,2022-12-10,,Lapsed
500083,756,Gadget,,2023-07-19,2028-07-08,
500084,6239,Medical,,2025-01-29,2028-02-27,
500085,2716,Life,6385,2023-11-02,2026-06-04,Active
500086,1514,Travel,,2025-03-13,2027-07-17,
500087,2133,,,2024-12-06,2027-08-17,Active
500088,2700,,2433,2024-05-07,2026-05-10,
500089,4696,Medical,14818,2025-01-29,2028-11-13,Active
500090,2547,,10557,2024-09-12,2027-02-24,
500091,999,Travel,7199,2025-01-01,2028-11-30,Lapsed
500092,5681,Gadget,,2023-03-18,2028-04-08,
500093,3315,Life,,2025-01-05,2027-09-13,
500094,4603,Travel,11795,2023-11-11,2027-01-29,
500095,1633,Motor,12590,2022-04-12,2028-03-08,
500096,2064,Medical,,2022-11-23,2028-09-16,
500097,5888,Travel,,2024-01-19,2028-02-20,Active
500098,2203,,4651,2024-10-30,2028-02-01,
500099,5609,,,2022-09-14,2027-07-09,Lapsed
500100,6325,Motor,6249,2024-03-24,2026-11-25,
500101,860,Travel,,2024-10-12,2026-12-15,Active
500102,2212,Gadget,,2022-05-18,2029-02-06,
500103,5511,,,2025-01-27,2027-06-02,Active
500104,290,,,2022-11-19,2028-11-16,
500105,6006,Medical,4164,2023-03-24,2026-08-17,Lapsed
500106,6126,Medical,,2023-11-21,2026-09-03,Active
500107,5498,Motor,,2022-07-20,2027-03-14,Pending
500108,2881,,,2022-09-05,2028-04-04,Pending
500109,516,,,2025-01-18,2027-06-14,
500110,3190,,,2022-05-29,2026-08-12,
500111,1050,Life,,2023-05-09,2027-04-20,Lapsed
500112,148,,,2022-11-28,2026-07-29,
500113,2935,Life,,2023-02-25,2026-08-20,
500114,435,Motor,,2022-08-10,2028-02-18,
500115,4813,Travel,1982,2022-06-02,2026-06-22,
500116,1123,Life,753,2024-08-22,2028-11-19,
500117,2698,,,2023-08-26,2027-11-21,Pending
500118,776,Medical,,2024-03-01,2028-11-26,
500119,5120,Motor,,2024-03-29,2026-06-28,
500120,5265,Motor,,2023-02-28,2028-12-23,Lapsed
500121,3141,Medical,,2023-02-24,2028-09-24,Lapsed
500122,286,Life,,2023-01-04,2028-09-04,
500123,3679,Gadget,,2023-01-28,2027-05-10,Active
500124,61,,,2023-07-09,2028-05-18,Pending
500125,3444,Motor,,2023-03-28,2028-02-18,Pending
500126,1617,,,2024-05-04,2028-09-01,Lapsed
500127,2293,Travel,,2022-12-31,2029-01-23,Pending
500128,1250,Motor,2189,2024-10-23,2026-08-18,
500129,4715,,,2022-07-04,2026-07-20,Active
500130,6179,,,2022-07-20,2029-01-02,
500131,4047,,6283,2023-10-15,2026-07-10,Lapsed
500132,3261,Gadget,,2023-01-25,2028-10-13,Pending
500133,4555,Medical,7797,2023-12-09,2026-10-08,
500134,6984,,,2022-08-14,2026-04-14,Active
500135,4879,,,2024-11-13,2026-06-28,
500136,292,Life,,2022-09-04,2026-10-11,Pending
500137,3194,Medical,,2023-01-26,2027-12-20,Pending
500138,6455,Medical,,2024-11-21,2026-09-16,
500139,3749,Life,,2022-03-21,2026-05-09,Pending
500140,6103,Medical,,2024-06-11,2026-12-06,
500141,574,,,2025-03-18,2027-04-23,Lapsed
500142,832,Medical,11173,2023-04-04,2028-04-11,Pending
500143,4007,Motor,4397,2022-11-05,2026-09-05,Lapsed
500144,4314,Travel,,2023-06-09,2027-09-02,Lapsed
500145,354,Life,12904,2024-10-11,2027-08-09,
500146,2763,Motor,,2024-11-11,2027-10-10,
500147,780,,,2025-01-24,2027-12-23,Pending
500148,4096,Gadget,,2024-11-06,2027-09-15,Active
500149,4424,Motor,10206,2022-06-11,2026-08-22,Pending
500150,5256,Motor,,2023-03-03,2027-10-13,
500151,809,Medical,,2022-11-19,2027-10-09,
500152,4165,Travel,12701,2025-01-05,2027-01-25,
500153,3181,Motor,,2024-02-09,2026-11-28,Lapsed
500154,5066,Gadget,566,2023-11-05,2028-06-30,Active
500155,6915,Medical,,2024-03-27,2028-10-18,Pending
500156,4651,,,2023-02-15,2026-12-21,Active
500157,2469,Motor,,2023-11-16,2028-10-06,Lapsed
500158,6742,,11440,2024-07-30,2027-08-11,Lapsed
500159,3513,Gadget,,2022-05-26,2026-06-29,Active
500160,3353,Life,,2023-03-01,2026-06-04,
500161,2564,,8411,2024-02-13,2027-04-14,Lapsed
500162,3621,Motor,,2024-10-07,2026-07-31,Pending
500163,4574,Life,,2023-02-17,2026-10-01,Active
500164,6153,Life,,2024-08-30,2028-02-12,Lapsed
500165,5711,Gadget,10574,2022-12-13,2028-05-15,
500166,6508,Medical,8132,2023-02-19,2028-05-12,Active
500167,452,Travel,,2022-11-25,2027-05-25,
500168,2832,Travel,,2023-06-17,2027-06-18,Pending
500169,2553,Motor,,2022-04-23,2026-05-27,
500170,1708,,3039,2022-09-11,2028-04-10,Active
500171,6895,Gadget,,2023-05-24,2026-10-05,Pending
500172,1038,Life,14583,2024-07-21,2028-12-19,
500173,4827,Motor,,2024-06-25,2026-04-07,
500174,126,Medical,,2024-07-23,2027-06-19,
500175,3610,,,2023-08-07,2028-08-22,Active
500176,3048,,,2024-01-14,2028-01-29,Pending
500177,6928,Travel,335,2024-03-25,2028-01-14,
500178,5340,,,2023-09-26,2028-09-26,
500179,1457,Travel,376,2022-12-29,2028-07-04,
500180,4299,Life,4161,2023-07-17,2028-05-07,Pending
500181,4702,,3917,2024-12-11,2028-11-24,Pending
500182,4596,Motor,6874,2024-02-26,2027-08-02,
500183,5436,,,2024-02-16,2027-05-22,
500184,223,Motor,,2024-12-08,2027-08-10,Lapsed
500185,4034,Travel,5977,2022-09-21,2026-11-30,
500186,3732,,270,2022-11-19,2028-12-14,Lapsed
500187,5597,Medical,,2024-10-21,2028-07-29,
500188,5450,Gadget,,2023-10-06,2027-06-19,Pending
500189,6034,,,2024-05-20,2027-08-18,Pending
500190,3966,Life,14527,2023-12-28,2028-05-25,Lapsed
500191,2207,Travel,995,2024-10-22,2027-12-03,Active
500192,644,Travel,13873,2024-03-18,2027-03-05,Active
500193,4352,Motor,,2024-06-20,2028-02-22,
500194,2971,Life,,2023-07-25,2028-01-22,
500195,6674,Travel,10171,2024-11-12,2027-03-16,
500196,1727,Travel,7257,2024-08-31,2028-03-29,Lapsed
500197,4319,,,2024-08-13,2027-04-04,Lapsed
500198,4627,,,2024-04-09,2027-12-02,Pending
500199,6055,,6180,2022-07-29,2027-12-12,
500200,4418,Travel,,2023-10-17,2027-06-27,
500201,3918,,1139,2024-03-10,2027-11-06,
500202,3940,Life,,2023-08-05,2026-07-05,
500203,4971,,10208,2024-01-10,2028-01-05,
500204,6364,Travel,,2024-06-06,2027-06-13,Active
500205,6310,Travel,,2023-02-03,2028-03-21,
500206,4035,,,2023-10-21,2028-12-29,
500207,2205,Motor,4358,2023-03-09,2028-09-26,Active
500208,3832,Medical,,2022-07-08,2026-06-17,
500209,5049,Gadget,,2023-03-10,2027-12-26,
500210,2303,,2251,2024-01-24,2027-03-22,Pending
500211,4784,,11619,2022-10-20,2027-05-05,Active
500212,4020,Life,,2025-03-17,2028-01-29,Lapsed
500213,5808,Gadget,,2024-10-04,2027-06-19,Lapsed
500214,3065,Travel,,2023-02-03,2027-10-31,Active
500215,189,Medical,,2024-02-19,2026-07-31,Lapsed
500216,451,Motor,,,,Lapsed
500217,5296,Motor,,2024-10-09,2027-06-15,Lapsed
500218,5202,Life,6228,2023-09-20,2029-02-04,
500219,1800,,11258,2022-04-09,2026-05-05,Lapsed
500220,4938,Medical,7020,2024-11-15,2026-10-31,Pending
500221,3798,,,2024-01-08,2026-12-17,
500222,88,,,2023-01-13,2027-10-10,Active
500223,3453,Life,,2022-07-09,2027-01-17,
500224,1806,Motor,5607,2022-07-29,2028-10-10,Active
500225,5144,Travel,,2024-11-10,2026-10-12,
500226,1470,Life,2720,2023-10-16,2028-05-10,Lapsed
500227,5562,Medical,5629,2022-11-27,2026-06-14,
500228,5882,,,2022-11-23,2028-02-19,
500229,418,Life,,2024-06-15,2028-11-24,
500230,2847,,,,2027-08-26,
500231,475,Motor,,2024-11-30,2027-04-02,Active
500232,4141,Life,,2023-03-27,2026-11-25,Pending
500233,2205,Travel,,2022-10-04,2026-04-08,
500234,119,,,2024-05-21,2027-03-13,Active
500235,2973,Motor,,2022-04-29,2029-01-18,Active
500236,5615,,10766,2024-06-06,2028-04-28,Pending
500237,4718,Life,,2025-02-09,2026-06-03,Pending
500238,1215,Gadget,,2023-05-08,2029-03-09,
500239,2034,,,2023-01-25,2026-08-15,Pending
500240,3632,Gadget,,2022-09-15,2027-08-22,Pending
500241,1420,Motor,,2024-04-14,2027-01-05,
500242,3534,Travel,10402,2024-07-06,2027-10-28,Active
500243,4507,,,2022-08-08,2027-11-23,Pending
500244,5039,,,2022-04-03,2028-12-01,Lapsed
500245,5314,Medical,,2022-05-03,2028-03-29,
500246,6181,Travel,,2023-02-10,2027-01-05,Pending
500247,126,Life,,2022-06-14,2026-12-15,Pending
500248,6189,Motor,,2025-01-21,2029-02-12,Pending
500249,5305,Gadget,,2024-07-10,2026-10-09,Pending
500250,3583,Medical,,2023-11-27,2026-10-03,
500251,3401,,,2022-11-09,2027-03-03,
500252,1821,Motor,,2024-06-06,2028-05-11,
500253,2360,Motor,,2022-06-13,2028-09-25,
500254,3092,Motor,14337,2023-04-23,2026-04-14,Pending
500255,2789,Life,,,2027-02-07,Active
500256,3997,Gadget,7131,2024-11-25,2026-09-07,Pending
500257,2438,,,2023-02-21,2027-10-09,Active
500258,4841,Gadget,,2023-09-20,2026-09-14,Lapsed
500259,4506,Gadget,,,2028-04-21,
500260,4285,,,2024-06-11,2027-10-20,
500261,5206,Medical,11699,2022-10-20,2026-03-27,Active
500262,630,,,2025-01-29,2027-04-01,Lapsed
500263,2219,,,2025-02-24,2027-12-11,
500264,687,,,2024-11-29,2026-08-13,Lapsed
500265,4582,,,2024-10-11,2026-12-31,
500266,465,Life,,2024-11-29,2026-09-29,Active
500267,4225,Travel,14839,2022-12-29,2029-02-09,
500268,3807,Gadget,11633,2023-02-21,2028-08-22,
500269,6345,Travel,,2022-09-01,2026-06-29,Active
500270,2586,,,2023-11-26,2027-10-28,
500271,1726,Motor,,2023-11-27,2027-05-12,
500272,4594,,,,2026-04-03,
500273,6521,Motor,,2024-12-17,2027-08-19,
500274,262,Motor,,2022-11-17,2028-06-12,Pending
500275,1785,Gadget,9491,2023-08-25,2027-11-28,
500276,3182,,5155,2023-11-07,2026-10-04,Lapsed
500277,4414,,,2022-10-04,2028-04-16,Pending
500278,3650,Motor,,2022-11-14,2027-05-16,
500279,5802,Life,,2024-02-27,2028-09-09,Pending
500280,4635,,,2022-12-01,2027-07-24,Pending
500281,4929,Motor,3814,2023-05-26,2028-08-11,
500282,6942,Gadget,,2023-10-28,2028-07-26,Lapsed
500283,3154,,,2024-07-29,2027-06-04,Lapsed
500284,610,Life,12155,2023-12-07,2028-07-18,Pending
500285,2773,Gadget,,2022-06-28,2027-06-08,
500286,4673,Motor,3591,2023-04-05,2026-11-17,Lapsed
500287,1696,Life,11704,2023-11-07,2029-02-18,
500288,363,Motor,9357,2024-05-21,2027-03-23,
500289,4258,Life,,2023-09-02,2026-06-24,
500290,3503,Travel,,2022-06-18,2029-01-17,
500291,6261,Life,359,2024-05-25,2026-06-08,
500292,2830,Travel,,2024-06-09,2027-03-21,
500293,1541,Motor,,2024-08-31,2027-12-30,Active
500294,1572,Life,,2024-06-11,2027-09-29,
500295,4734,Gadget,10394,2023-03-02,2027-04-25,Lapsed
500296,246,,,2024-10-10,2026-12-27,Lapsed
500297,2912,Life,,2024-12-02,2028-09-16,Lapsed
500298,1289,Life,,2023-10-24,2028-04-18,Active
500299,5229,,,2023-09-17,2028-10-25,Pending
500300,163,Life,,2024-08-12,2027-08-22,
500301,921,Medical,,2023-02-01,2026-09-16,
500302,1582,Gadget,12224,2023-04-18,2026-09-07,Lapsed
500303,893,Life,,2024-01-20,2029-01-16,Lapsed
500304,1129,Life,,2024-11-11,2029-02-06,Pending
500305,6013,Motor,3550,2024-07-01,2028-03-01,Pending
500306,6413,,,2023-04-17,2028-06-15,Pending
500307,61,,,2022-07-09,2028-04-16,
500308,5662,,,2022-07-30,2027-10-08,Lapsed
500309,5664,,12290,2024-08-19,2027-10-13,Active
500310,6046,Gadget,,2024-12-17,2027-02-26,Active
500311,1874,Life,,2023-06-14,2026-09-24,Pending
500312,5863,Life,,2024-10-17,2027-04-04,Active
500313,3896,Life,12853,2023-01-22,2027-12-16,
500314,2243,,,2023-08-09,2029-02-25,Active
500315,3527,Travel,,2024-04-12,2026-10-07,Pending
500316,5991,Medical,,2023-06-11,2029-01-03,Active
500317,3895,Gadget,10525,2023-02-28,2027-12-20,Lapsed
500318,5730,Travel,,2024-12-15,2027-08-21,
500319,1672,Life,8928,2023-09-12,2028-01-05,
500320,6576,,,2024-04-11,2026-08-07,
500321,954,Gadget,,2024-12-27,2027-02-24,Lapsed
500322,4640,Travel,,2024-03-20,2026-12-29,Lapsed
500323,5480,Medical,,2022-11-16,2028-04-03,Lapsed
500324,5454,Travel,12466,2023-06-09,2029-03-03,
500325,2373,,,2022-05-17,2029-02-01,
500326,1911,Motor,,2025-01-29,2028-04-28,Pending
500327,3335,Life,,2024-01-19,2027-03-24,Active
500328,788,Travel,,2023-06-02,2027-09-07,
500329,2878,,7435,2023-08-10,2028-03-21,Active
500330,604,Medical,4126,2024-06-14,2028-09-13,Active
500331,4550,,,2024-02-22,2027-05-28,Lapsed
500332,2598,,2281,2024-07-10,2028-01-28,
500333,5546,,,2023-12-19,2027-01-31,Pending
500334,4713,Life,,2023-12-08,2026-12-04,Active
500335,3459,Motor,,2022-11-22,2029-01-17,Active
500336,5285,,,2022-11-03,,
500337,4625,,,2022-11-16,2028-02-24,Pending
500338,1697,,,2022-10-18,2026-04-28,Pending
500339,4618,Motor,14330,2024-09-11,2027-08-29,Pending
500340,6693,Travel,,2023-12-16,2028-05-25,Active
500341,6271,,1195,2024-07-29,2029-01-08,Lapsed
500342,5537,Life,,2022-06-11,2028-03-14,
500343,5883,Travel,,2023-09-20,2026-03-24,Pending
500344,5404,Motor,4211,2024-05-12,2027-10-15,Lapsed
500345,2775,Gadget,13626,2024-08-04,2027-10-28,Pending
500346,2218,Travel,,2024-09-01,2028-09-13,Active
500347,3704,,,2022-05-24,2028-09-25,Pending
500348,366,Gadget,,2023-12-03,2027-08-14,Active
500349,6202,Life,,2025-01-04,2027-10-18,
500350,3760,Motor,12560,2024-02-27,2027-07-15,Active
500351,3570,,,2022-12-09,2027-05-20,Pending
500352,4531,Travel,,2022-10-11,2028-07-04,
500353,1390,Travel,,2024-02-01,2026-12-30,Lapsed
500354,6024,,,2024-11-23,2027-01-03,Active
500355,5648,Travel,14193,2022-07-09,2028-01-28,Active
500356,5867,Life,979,2024-09-12,2028-02-24,
500357,4320,,,2023-07-28,2026-04-05,Pending
500358,5182,,,2022-04-25,2027-10-09,Lapsed
500359,3505,Life,,2024-07-06,2028-01-03,Lapsed
500360,1901,,,2023-02-17,2026-07-10,Lapsed
500361,3673,,3251,2023-06-28,2026-08-16,Lapsed
500362,869,,,2023-01-20,2027-04-25,
500363,3727,Medical,,2024-03-03,2028-07-29,Active
500364,4624,,1884,2023-04-27,2028-03-14,
500365,5098,,,2024-03-26,2026-09-24,
500366,4305,,,2022-04-22,2027-12-09,Pending
500367,1051,Travel,,2022-07-26,2027-01-26,Active
500368,4655,Life,,2022-06-23,2027-11-10,Pending
500369,5274,Motor,,2023-06-18,2028-02-02,
500370,5576,Life,13232,,2028-12-22,Pending
500371,2473,Life,3279,2024-09-18,2027-11-27,
500372,2409,Travel,1586,2022-10-10,2026-05-13,
500373,1675,Gadget,,2025-01-30,2027-11-23,
500374,4187,Motor,,2022-07-13,2026-05-01,Active
500375,6665,Gadget,,2023-04-07,2027-10-07,Pending
500376,2230,Medical,3281,2024-01-18,2027-05-09,Lapsed
500377,5643,Travel,,2023-08-27,2027-11-25,Lapsed
500378,2567,,,2023-05-13,2028-02-21,Active
500379,3612,Gadget,,2023-08-27,2026-09-09,Pending
500380,3038,Life,,2024-08-17,2028-11-11,Lapsed
500381,951,Life,,2022-11-21,2027-04-11,Pending
500382,3748,Medical,,2023-09-18,2027-07-16,Lapsed
500383,2675,,4143,2024-12-08,2026-04-10,Active
500384,5193,,,,2026-05-15,Lapsed
500385,6243,,,2022-08-03,2027-07-31,Lapsed
500386,703,Medical,,2024-09-22,2026-06-06,Lapsed
500387,5427,Motor,7872,2022-12-15,2027-09-20,Active
500388,5325,Motor,,2022-04-12,2027-05-01,
500389,6724,Travel,,2024-10-22,2026-12-30,Pending
500390,1290,Medical,,2024-07-04,2027-04-12,
500391,5498,Travel,4760,2024-03-19,2026-04-29,
500392,6682,Gadget,,2022-06-20,2026-12-31,Lapsed
500393,3967,Motor,,2024-10-21,2028-10-12,Pending
500394,4850,,10485,2023-10-29,2028-07-28,Lapsed
500395,939,Travel,,2024-04-30,2027-04-26,Pending
500396,1691,,,2024-11-06,2027-06-09,
500397,1302,Medical,,2023-11-12,2029-02-13,Lapsed
500398,2668,Gadget,2646,2023-03-18,2027-12-26,Lapsed
500399,2504,Motor,5161,2022-10-30,2026-04-05,Pending
500400,5921,Travel,,2024-08-12,,
500401,3546,,10597,2024-03-27,2028-11-03,Lapsed
500402,3253,Medical,,2022-08-01,2026-06-19,
500403,1931,Travel,,2023-09-12,2028-02-14,Lapsed
500404,1279,Motor,5811,2024-09-18,2026-12-26,Active
500405,3421,Gadget,,2023-12-16,2028-10-12,Active
500406,6813,Life,,2023-07-17,2026-12-23,
500407,357,,,2022-09-14,2026-10-10,Pending
500408,123,Gadget,,2023-11-29,2028-10-11,Active
500409,314,,,2023-08-26,2026-10-25,Lapsed
500410,2319,,5605,2023-01-16,2026-06-04,Lapsed
500411,5302,Travel,,2024-04-20,2029-02-08,Pending
500412,2750,Travel,,2022-05-13,,Active
500413,2105,,13758,2022-11-20,2028-09-04,
500414,640,Life,,2024-06-11,2026-07-10,Pending
500415,3151,,,2023-10-25,2027-11-28,
500416,6727,Travel,14011,2024-07-09,2027-06-15,Lapsed
500417,6202,,,2024-10-17,2027-10-29,
500418,5553,Gadget,8167,2023-02-13,2028-09-12,Pending
500419,6069,Motor,9738,2024-11-14,2026-08-27,Active
500420,3578,,,2023-04-10,2026-06-22,Pending
500421,5917,Gadget,,2023-06-20,2028-04-07,
500422,1441,Gadget,,2023-07-09,2026-12-28,
500423,558,,7853,2022-11-11,2027-03-09,
500424,6899,,,2023-05-12,2028-04-02,Lapsed
500425,6864,,,2023-04-15,2026-12-22,Active
500426,4094,,13551,2024-07-31,2026-09-24,
500427,866,Gadget,4841,2025-01-09,2026-10-24,Pending
500428,85,,,2022-07-17,2027-03-13,
500429,519,Motor,14734,2024-05-30,2026-04-02,Active
500430,2540,Travel,,2023-05-19,2028-04-03,
500431,3357,Gadget,,2024-05-23,2027-03-28,Active
500432,5169,Motor,,2023-04-25,2028-12-18,Active
500433,4935,Travel,,2023-04-13,2029-03-13,
500434,2894,,,2022-08-20,2028-07-17,
500435,4446,,13220,2024-03-12,2028-01-05,Pending
500436,7000,Motor,,2022-05-05,2027-06-09,Pending
500437,4578,Motor,,2024-03-15,2027-01-20,Active
500438,6024,Gadget,,2022-10-25,2026-11-18,Pending
500439,3383,Life,,2023-04-07,2027-04-12,Pending
500440,1404,Gadget,,2025-02-07,2028-08-13,Pending
500441,6849,Motor,,2024-08-03,2026-05-18,Active
500442,4578,Motor,11030,2024-12-26,2026-04-19,Lapsed
500443,2644,Motor,,2022-05-08,2027-05-01,Lapsed
500444,5071,,13240,2024-07-30,2026-09-13,
500445,527,Medical,,2023-11-19,2027-04-11,Lapsed
500446,3763,,2589,2023-01-07,2027-05-11,
500447,5154,Gadget,,2023-01-25,,
500448,4677,Life,4829,2023-04-05,2028-04-19,Pending
500449,5878,,,2024-04-13,2027-06-24,
500450,5111,Travel,,,2026-12-18,Pending
500451,3757,Life,,2023-11-21,2027-05-14,Pending
500452,4767,,14153,2024-09-22,2028-02-10,Lapsed
500453,3894,,,2023-04-26,2028-08-26,Pending
500454,5853,Life,,2023-03-08,2026-09-29,
500455,4246,Medical,12148,,2028-05-10,Lapsed
500456,1264,,,2023-02-15,2027-09-19,
500457,4288,Motor,,,2026-05-10,Pending
500458,828,,5865,2022-10-14,2028-05-21,Pending
500459,6373,Life,6784,2023-04-13,2026-04-22,Lapsed
500460,284,,,,2026-03-26,Active
500461,3989,Motor,14759,2024-08-20,2028-01-03,Lapsed
500462,3403,Gadget,,2024-08-02,2027-10-27,Active
500463,5591,,,2024-12-12,2028-12-25,Active
500464,4330,Motor,13277,2024-01-20,2027-06-12,Lapsed
500465,333,,,2023-12-15,2026-10-10,Pending
500466,4139,Motor,,2024-01-08,2026-06-09,
500467,1435,Gadget,,2025-01-30,2027-12-21,Pending
500468,791,Gadget,5150,2024-11-16,2028-12-02,Active
500469,4851,,,2023-04-28,2026-04-14,
500470,2145,,417,2024-09-23,2026-08-15,
500471,4469,Life,,2023-03-11,2028-03-02,Pending
500472,4698,Medical,,2022-03-26,2026-08-26,
500473,2283,,,2023-07-15,2027-05-29,
500474,3492,Travel,,2024-06-21,2028-01-09,
500475,2145,Gadget,,2024-08-26,2028-05-03,Active
500476,6005,,,2025-01-22,2027-07-22,
500477,3366,,,2024-06-20,2029-01-06,
500478,4087,Gadget,5348,2024-06-12,2026-06-19,
500479,3856,Travel,7367,2023-04-01,2027-06-05,Lapsed
500480,2987,Motor,,2025-01-11,2027-11-13,
500481,2300,Gadget,,2024-08-22,2026-12-24,Active
500482,6512,Travel,,2025-01-07,2026-12-12,Pending
500483,4137,Life,10169,2023-08-13,2027-08-29,Pending
500484,1324,,,2023-10-06,,
500485,6068,,9093,2022-08-08,2026-04-11,
500486,4881,Medical,,2023-12-28,2028-01-12,
500487,6452,Gadget,,2022-06-30,,Pending
500488,4097,Travel,2864,2024-02-07,2027-08-12,Pending
500489,2141,Gadget,,2023-07-11,2026-10-13,Active
500490,281,Motor,,2023-04-01,2026-11-30,Lapsed
500491,3590,Gadget,,2023-10-13,2027-03-22,Lapsed
500492,2506,Gadget,2386,2024-07-06,2027-05-09,
500493,4584,,,2023-06-11,2026-08-25,Active
500494,6966,Motor,,2024-07-09,2026-07-25,Lapsed
500495,846,Gadget,,2023-02-15,2026-07-11,
500496,407,,,2024-12-30,2029-02-17,Lapsed
500497,1299,Motor,6467,2022-04-17,2026-06-27,Lapsed
500498,6069,Travel,,2023-11-24,2028-08-08,Pending
500499,5023,Medical,8377,2022-08-05,2029-01-07,Active
500500,487,Medical,1898,2022-12-12,2027-03-18,Pending
500501,806,Travel,5073,2022-09-26,2027-07-25,
500502,1427,Life,,2023-09-27,2028-10-18,Lapsed
500503,3179,Life,,2024-06-28,2027-01-01,Pending
500504,3457,,,2023-04-08,2027-08-14,Pending
500505,2278,Medical,6970,2024-06-27,2028-06-25,Pending
500506,3277,Travel,,2023-11-05,2027-04-25,Lapsed
500507,1401,Gadget,4242,2022-06-03,2028-07-29,Lapsed
500508,2226,Travel,,2023-09-06,2027-03-08,
500509,4194,Motor,,2022-05-23,2027-07-22,Pending
500510,6714,Travel,,2022-03-26,2026-05-27,Lapsed
500511,337,,,2022-04-30,2029-01-22,
500512,2225,,4466,2022-12-17,2026-05-21,
500513,4706,Life,,2024-12-07,2029-01-17,Pending
500514,737,Gadget,,2025-02-27,2029-02-02,
500515,2796,Gadget,2936,2023-12-09,2027-09-17,
500516,3164,Medical,,2024-03-30,2026-10-09,Active
500517,251,Motor,,2023-07-01,2028-12-27,
500518,6045,Gadget,,2024-06-05,2028-11-06,Active
500519,5477,Medical,,2022-10-21,2027-01-29,
500520,2264,Gadget,,2023-06-08,2027-02-14,Pending
500521,2480,Life,,2022-07-15,2028-10-25,Active
500522,3920,,11295,2022-05-05,2028-03-09,Active
500523,3789,Gadget,,2024-03-27,2028-04-08,Active
500524,538,Life,,2022-05-29,2027-09-21,Active
500525,3207,,6506,2025-01-06,2027-05-02,
500526,5164,,,2023-11-29,2029-01-29,Active
500527,5774,Travel,,2024-01-10,2026-07-31,Pending
500528,2100,Life,,2022-05-20,2028-03-12,Pending
500529,4768,,,2022-07-29,2028-04-10,
500530,5993,Life,,2022-05-28,2027-08-12,Pending
500531,6859,Life,,2022-07-20,2028-12-14,
500532,6048,,13188,2022-07-06,2028-01-22,Pending
500533,75,Gadget,,,2028-02-17,Lapsed
500534,852,,11639,2024-09-13,2026-11-12,Active
500535,3257,Motor,,2022-10-22,2026-03-31,Pending
500536,52,,1274,2022-07-23,2028-06-12,
500537,6383,Life,,2024-08-16,2028-03-17,Pending
500538,4722,,5769,2022-05-20,2027-08-22,
500539,1725,Medical,3158,2022-12-22,2028-02-18,Lapsed
500540,1086,Gadget,,2022-07-30,2026-06-05,Active
500541,4854,Motor,,2023-07-20,2026-05-29,Lapsed
500542,2774,,,2024-09-04,2028-01-29,Lapsed
500543,983,Motor,14587,2024-11-02,2027-12-07,
500544,5085,,,2024-07-22,2028-03-11,Active
500545,2380,Gadget,,2024-07-14,2026-10-01,Lapsed
500546,5991,Medical,,2022-06-16,2028-10-11,Lapsed
500547,2207,Travel,,2024-10-04,2028-08-15,Active
500548,6557,Gadget,8358,2025-02-03,2027-06-26,Lapsed
500549,4383,Motor,,2022-04-04,,Pending
500550,4620,Travel,4442,2024-06-19,2027-07-20,Pending
500551,1002,Motor,,2023-09-23,2026-06-12,Pending
500552,3063,Life,,2022-05-18,2027-11-18,Active
500553,2361,,,2024-06-13,2028-07-03,Pending
500554,27,Travel,,2024-08-23,2026-05-08,Lapsed
500555,3983,,,2025-03-02,2028-07-08,Pending
500556,1502,Gadget,,2022-05-06,2026-10-30,
500557,2887,Gadget,,2025-03-09,2028-03-17,Active
500558,1390,Medical,,2024-05-22,2027-06-01,
500559,6552,Travel,,2024-01-19,,Pending
500560,2386,Medical,772,2025-01-22,2028-11-26,
500561,4504,Gadget,13866,2023-09-25,2027-02-03,Pending
500562,4064,Medical,11846,,2027-04-06,
500563,1100,Travel,,2025-01-10,2029-03-01,
500564,4171,Gadget,8148,2023-02-19,2028-09-17,
500565,4355,Motor,,2024-01-31,2027-10-05,
500566,4453,Gadget,,2022-09-14,2028-11-08,Pending
500567,1539,,4425,2025-02-27,2028-03-28,
500568,6429,Medical,749,2023-08-03,2028-07-25,
500569,3488,,9566,2024-06-03,2028-11-21,Lapsed
500570,3126,Medical,8887,2024-10-09,2028-04-01,Active
500571,1446,Gadget,,2022-11-02,2027-10-17,
500572,3512,Life,4105,2023-03-19,2028-03-03,Lapsed
500573,4929,Life,14889,2023-01-05,2027-05-02,Pending
500574,4837,Life,,2023-01-02,2026-07-13,Active
500575,5781,,,2024-02-19,2026-07-04,Pending
500576,1577,Motor,9305,2023-10-18,2028-07-24,Lapsed
500577,6890,Motor,6315,2024-11-15,2026-07-07,Lapsed
500578,5652,,,2024-12-26,2027-12-02,Lapsed
500579,6390,Motor,286,2022-07-24,2027-05-12,Active
500580,3644,Gadget,,2022-04-19,2026-11-28,Active
500581,955,,,2024-07-24,2027-01-27,Lapsed
500582,4554,Gadget,5727,2023-01-20,2026-11-25,
500583,183,Travel,,2024-11-13,2026-09-16,
500584,2307,Life,,2022-06-14,2028-11-22,
500585,4080,Travel,,2022-06-10,2026-06-14,Lapsed
500586,270,Life,12254,2023-04-18,2026-11-28,
500587,4909,Medical,5705,2024-03-02,2028-12-12,Lapsed
500588,621,Travel,11109,2024-03-16,2028-06-18,Lapsed
500589,2399,Gadget,,2022-09-08,2027-07-17,Lapsed
500590,1763,Medical,,,2027-12-20,Pending
500591,5308,Travel,11419,2022-11-21,2028-05-06,
500592,2550,Medical,,,2026-07-16,Lapsed
500593,5297,,14468,2023-01-07,2029-01-21,Pending
500594,838,,,2022-11-21,2027-04-21,Lapsed
500595,5118,,14027,2024-03-25,2028-05-11,
500596,3566,Medical,,2023-03-11,2028-06-12,Lapsed
500597,5183,Medical,9619,2022-09-12,2026-10-27,Pending
500598,1781,Gadget,6048,2023-07-04,2029-01-17,
500599,180,Medical,,,2027-09-12,
500600,1558,Gadget,,2022-09-25,2029-02-01,Pending
500601,5431,Motor,,2022-04-21,2026-07-17,Lapsed
500602,6769,Medical,,2025-02-05,2027-07-06,
500603,5230,Life,12345,2024-05-19,2029-03-07,
500604,6659,Gadget,,2024-06-11,2028-01-22,Lapsed
500605,4354,,1172,2024-10-09,2026-10-29,Active
500606,5819,Motor,,2023-12-04,2028-06-29,Lapsed
500607,4636,Gadget,,2024-04-19,2026-10-07,
500608,6565,,4907,2023-07-26,,Pending
500609,2296,Medical,,2025-01-25,2026-08-15,
500610,1477,Gadget,,2023-03-21,2028-09-01,Lapsed
500611,465,Travel,,2024-11-10,2026-09-27,Pending
500612,1099,Travel,12617,2024-02-09,2029-02-25,
500613,102,Life,,2023-07-06,2028-05-12,Pending
500614,511,Gadget,,2023-10-10,2027-08-24,Lapsed
500615,6435,Medical,,2024-03-15,2026-07-27,Lapsed
500616,3631,Medical,,2022-07-19,2026-09-20,Pending
500617,6034,,2783,2024-07-23,2026-06-02,Pending
500618,1572,,,2022-11-11,2028-02-13,Pending
500619,2171,,,2023-08-30,2028-01-21,Lapsed
500620,5785,Travel,,2025-03-05,2026-09-12,Active
500621,4526,,,2024-05-22,2026-08-14,Pending
500622,5436,Gadget,,2024-04-24,2027-01-12,Pending
500623,1145,,,2023-04-27,2027-10-26,
500624,6376,Medical,,2022-05-08,2027-04-13,
500625,462,Motor,,2024-08-22,2026-04-16,
500626,3739,Medical,3229,2024-12-28,2028-10-09,Active
500627,5795,Gadget,,2023-12-18,2028-02-26,Pending
500628,2637,Travel,,2022-05-21,2028-03-28,Lapsed
500629,5412,Motor,9291,2023-02-12,2028-09-03,Active
500630,4824,Medical,,2023-09-30,2026-04-01,Lapsed
500631,4705,,5970,2024-12-12,2026-11-01,Pending
500632,2929,Life,4118,2022-07-22,2026-04-20,
500633,199,Life,10284,2023-07-06,2027-10-04,Lapsed
500634,6281,,,2024-11-25,2029-02-08,
500635,3442,Travel,,2024-02-16,2026-10-10,
500636,21,,,2023-08-21,2026-12-11,Lapsed
500637,160,Motor,,2022-06-14,2028-12-29,
500638,2370,Life,,2024-04-05,2026-08-05,Active
500639,300,,2840,2022-09-07,2028-07-14,Active
500640,4729,Life,,2023-11-27,2027-03-30,Pending
500641,3545,Medical,,2024-12-26,2026-12-24,Lapsed
500642,2753,,,2023-04-26,2028-01-12,Active
500643,2507,Gadget,,2022-04-17,2029-03-15,Pending
500644,1360,,,2022-11-13,2026-11-04,Active
500645,2775,,,2022-08-03,2028-04-11,
500646,4751,Medical,,2022-08-18,2026-09-09,Lapsed
500647,2715,,,2023-05-27,2029-03-07,Pending
500648,2064,Medical,13670,2024-03-25,2026-09-01,
500649,2350,Travel,,2024-08-16,2028-09-26,Active
500650,1505,Medical,,2022-04-20,2028-10-29,
500651,1383,,,2024-08-09,2028-12-29,
500652,1736,,,2023-05-24,2028-07-19,
500653,5040,,,2023-01-06,2027-04-02,Pending
500654,3649,,,2024-08-27,2028-04-08,Lapsed
500655,2067,,2402,2022-10-17,2028-08-10,
500656,2650,Motor,,2023-08-15,2026-06-28,Pending
500657,1573,Motor,2817,2024-03-23,2028-01-26,
500658,5818,Gadget,,2024-01-07,2026-05-13,Lapsed
500659,1463,Life,,2025-02-03,2028-10-25,Lapsed
500660,6453,Life,7155,2022-07-09,2027-07-12,Pending
500661,6191,Gadget,,2024-07-01,2026-12-15,Lapsed
500662,4227,,,2023-09-01,2027-10-09,
500663,2136,Gadget,14998,2023-08-12,2027-12-01,Pending
500664,4438,Medical,,2023-10-28,2027-09-22,
500665,6206,,,2024-06-03,2027-01-26,Pending
500666,6273,,,2022-05-23,2026-06-13,Active
500667,4135,Travel,,2022-10-24,2028-12-02,Active
500668,5961,Life,,2023-12-30,2028-08-10,
500669,5281,Life,,2023-01-27,2027-02-23,
500670,4887,,,2024-03-30,2027-09-29,Active
500671,3746,Gadget,1323,2022-03-25,2027-07-27,
500672,5169,Gadget,,2023-10-16,2026-04-07,
500673,6781,Life,12197,2023-04-15,2026-10-03,Active
500674,945,Life,,2024-08-09,2027-02-18,
500675,6883,Medical,,2024-05-24,2027-07-01,Lapsed
500676,3377,Life,,2023-12-28,2027-04-09,Pending
500677,394,,,2023-05-18,2028-08-09,Pending
500678,352,,,2023-03-29,2028-04-02,
500679,6978,,6433,2022-11-10,2028-01-02,
500680,6215,,,2023-01-09,2026-10-31,
500681,984,Gadget,3268,2022-03-30,2028-09-08,Lapsed
500682,3907,,,2022-09-15,2027-10-12,
500683,3532,Motor,5767,2022-07-28,2028-12-06,
500684,39,,,2022-11-04,2027-04-18,
500685,2986,,,2023-06-14,2026-05-31,Lapsed
500686,1124,,,2022-05-02,2029-03-05,Lapsed
500687,1499,Motor,,2024-08-07,2028-08-23,Lapsed
500688,513,Motor,,2023-05-15,2028-06-09,
500689,3758,,,2024-08-24,2026-05-08,
500690,4772,Medical,,2024-09-10,2028-10-01,Pending
500691,2016,Motor,8564,2023-12-14,2027-03-18,
500692,6012,Travel,,2022-06-04,2026-12-12,
500693,6828,,11214,2022-03-28,2027-02-27,Lapsed
500694,1567,Travel,14135,2024-02-14,2028-06-29,
500695,5217,Medical,7458,2024-11-04,2027-11-09,Lapsed
500696,622,Motor,10676,2023-02-16,2028-10-11,Lapsed
500697,4794,Gadget,,2023-02-23,2028-10-05,
500698,5088,Medical,14781,2023-11-05,2027-09-08,Lapsed
500699,3460,,,2024-02-18,2026-09-24,Lapsed
500700,6656,,,,2027-12-10,Lapsed
500701,1077,,,2022-10-22,2026-04-27,Pending
500702,6617,,13115,2022-08-13,2028-06-23,Pending
500703,1639,Life,,2025-01-16,2028-01-30,
500704,5981,,,2025-01-08,2026-06-11,Pending
500705,4281,,,2024-10-06,2027-10-22,
500706,4297,Medical,,2023-07-28,2028-11-11,Pending
500707,6222,Travel,,,2028-04-16,
500708,2296,,,2023-11-12,2028-10-06,Lapsed
500709,1458,,,2023-08-20,2028-09-13,
500710,6917,,9669,2023-06-07,2027-03-23,
500711,4916,Gadget,,2024-05-13,2026-08-24,
500712,913,,1514,2023-12-27,2028-05-13,Active
500713,6176,Motor,,2022-12-24,2027-03-28,Pending
500714,3718,,,2023-01-03,2028-09-24,Pending
500715,2501,Travel,,2022-04-09,2026-09-02,
500716,1530,Motor,,2023-09-23,2027-10-02,Pending
500717,2429,,10853,2023-04-06,2028-05-25,
500718,1884,Motor,,2023-07-28,2027-08-23,Pending
500719,3005,Medical,5663,2023-06-20,2028-07-01,Lapsed
500720,6551,Medical,,2023-05-16,2026-10-07,
500721,881,Travel,,2022-12-09,2027-06-01,Pending
500722,317,Motor,3447,2024-11-01,2027-05-25,Lapsed
500723,4755,,,2024-10-01,2026-07-21,Active
500724,2990,Medical,10511,2023-11-20,2027-09-28,Active
500725,672,Travel,,2023-05-03,2028-03-12,
500726,3924,,,2023-11-09,2028-03-31,Lapsed
500727,5422,Motor,14700,2023-04-26,2028-07-23,Active
500728,4670,Life,1442,2024-10-30,2027-07-20,
500729,3382,Life,,2023-07-17,2028-01-01,
500730,6141,Travel,,2022-08-18,2028-06-16,Active
500731,6871,Life,,2022-10-27,2027-05-30,Active
500732,4888,Gadget,14625,2024-04-03,2027-08-07,Pending
500733,4626,,,2025-02-10,2026-07-02,
500734,753,,,2024-08-08,2028-05-03,Active
500735,1632,Travel,3951,2023-09-26,2026-05-07,Pending
500736,2608,Travel,14704,2023-02-15,2027-10-10,
500737,6062,Motor,,2025-02-16,2027-07-07,
500738,560,,699,2025-02-03,2028-12-09,Lapsed
500739,6974,Gadget,,2024-02-26,2027-06-27,Lapsed
500740,1264,,4081,2023-10-14,2028-07-14,Pending
500741,2270,,,2024-12-04,2026-07-30,Active
500742,4838,Travel,,2024-05-19,2026-10-01,
500743,1691,,9360,2023-01-28,2027-04-11,
500744,3646,,10538,2024-04-22,2029-02-03,Lapsed
500745,5222,Medical,8431,2023-10-08,2028-10-07,Pending
500746,2429,Travel,7148,2022-12-20,2026-07-24,Active
500747,358,,10511,2022-06-06,2027-07-19,Active
500748,1358,Gadget,,2024-06-11,2028-09-04,Lapsed
500749,833,,,2023-05-04,2027-11-27,Active
500750,1,Travel,,2022-05-02,2027-12-12,Pending
500751,2600,Life,14518,2022-10-20,2028-10-20,
500752,584,Gadget,,2025-02-09,2028-01-14,Lapsed
500753,145,Medical,,2024-10-02,2026-12-12,Active
500754,3073,,,2025-02-07,2027-03-11,
500755,6734,Gadget,,2024-02-22,2027-02-21,
500756,6635,Travel,13546,2023-12-31,2028-09-11,Lapsed
500757,6636,Medical,,2023-04-30,2027-03-03,Lapsed
500758,2765,Medical,,2024-03-16,2027-07-01,
500759,926,Medical,,2024-11-03,2029-01-04,Pending
500760,4931,Life,4459,,2027-04-11,Lapsed
500761,3575,Gadget,,2024-08-11,2027-08-04,
500762,3875,,,2022-11-12,2026-11-11,
500763,2872,Travel,,2024-05-07,2026-04-26,Lapsed
500764,2430,,,2024-02-17,2028-03-02,Pending
500765,5006,Life,,2023-07-11,2026-06-15,
500766,3304,Medical,,2022-12-02,2028-02-05,Lapsed
500767,1581,,,2023-01-26,2026-11-10,Lapsed
500768,5974,Travel,,2023-10-23,2029-01-01,Pending
500769,289,Motor,,2024-04-04,2027-11-08,Pending
500770,920,Travel,,2022-11-28,2029-01-25,
500771,5829,Motor,3773,2023-07-19,2027-06-29,Pending
500772,953,Motor,,2023-01-12,2027-01-11,
500773,5001,,,2024-09-28,2026-09-10,Lapsed
500774,863,Medical,,,2029-03-10,Pending
500775,5870,Motor,,2022-06-23,2026-11-27,Pending
500776,4893,Life,3350,2024-09-10,2027-03-22,
500777,3805,,1046,2024-07-12,2026-11-11,
500778,6646,Medical,,2023-08-07,2026-08-26,
500779,4068,,,2025-01-02,2027-03-10,Pending
500780,823,Motor,7626,2023-10-08,2028-06-04,Lapsed
500781,862,,12141,2024-09-09,2028-04-22,Pending
500782,2198,Gadget,3646,2024-07-26,2026-07-20,
500783,6007,,,2024-10-16,2026-08-01,
500784,617,,4352,2023-10-16,2028-05-29,
500785,6833,,,2024-05-26,2028-01-01,Lapsed
500786,2444,Life,1640,2023-12-28,2028-11-13,Lapsed
500787,4313,Gadget,3708,2025-02-16,2027-10-19,
500788,3976,Travel,,2024-12-27,2028-07-09,Lapsed
500789,481,Life,,2024-05-09,2026-07-27,Lapsed
500790,5648,,9092,2022-07-08,2027-12-11,Active
500791,168,Gadget,,2023-09-17,2027-01-13,
500792,5293,Gadget,,2023-10-18,2026-08-09,Lapsed
500793,2624,,2523,2024-10-23,2027-05-13,Active
500794,1727,Medical,,2024-03-21,2027-10-03,
500795,2285,Travel,,2023-08-17,2028-05-07,Active
500796,1034,Life,12950,2024-08-05,2027-06-07,Active
500797,6220,Life,8606,2024-11-09,2026-11-22,Pending
500798,5334,,,2024-04-08,2026-05-10,
500799,3193,,,2024-07-11,2026-03-21,Active
500800,3015,Life,,2024-05-25,2028-02-19,Lapsed
500801,3245,Motor,4658,2024-09-19,2026-05-14,
500802,2901,Life,,2024-04-06,2028-05-15,Active
500803,5688,Motor,,2023-09-22,2028-01-22,Lapsed
500804,5078,Medical,12269,2024-08-17,2027-02-16,Lapsed
500805,1609,Motor,562,2023-08-06,2029-01-26,Active
500806,3796,Travel,2938,2024-07-05,2028-04-06,Active
500807,13,,,2022-11-19,2027-10-09,Active
500808,6208,,7528,2023-12-02,2026-07-14,
500809,3699,Motor,,2024-12-09,2028-10-07,Active
500810,4824,,,2023-10-23,2026-06-17,
500811,2718,Travel,,2023-08-30,2028-11-06,Pending
500812,5097,Travel,,2022-10-03,,Active
500813,3698,Travel,,2024-11-19,2027-11-14,Active
500814,566,Travel,,2023-06-09,2026-06-29,
500815,2873,,,2024-01-21,2027-08-16,
500816,6674,,,2024-05-10,2028-09-02,Lapsed
500817,5657,Life,,2022-06-04,2028-09-20,Active
500818,4789,,,2022-07-11,2026-09-30,Lapsed
500819,6932,Travel,7347,2023-09-29,2027-10-25,Pending
500820,3595,Gadget,8091,2023-09-04,2028-08-21,Active
500821,4578,Medical,,2023-01-23,2028-05-31,Pending
500822,6039,Gadget,5889,2024-08-19,2028-07-31,Lapsed
500823,1626,Life,6892,2022-03-20,2027-09-29,Active
500824,2135,Travel,5553,2022-12-02,2026-07-12,Active
500825,3498,Motor,,2022-04-05,2028-11-19,
500826,4783,,,2024-06-24,2029-02-15,
500827,1080,,,,2027-03-21,Active
500828,2849,Life,,2024-09-03,2026-09-18,Pending
500829,2777,Medical,,2024-07-08,2028-07-22,
500830,610,Motor,,2022-10-07,2026-10-05,Pending
500831,6938,,,,2027-11-20,
500832,3943,Motor,,2023-03-31,2027-10-01,
500833,1349,Travel,,2022-11-14,2028-12-12,
500834,5598,Medical,1232,2022-12-30,2028-09-30,
500835,2925,,,2023-09-17,2028-09-28,
500836,2364,,,2025-01-25,2026-10-05,Lapsed
500837,2011,,,2022-05-29,2027-07-04,
500838,2981,Medical,,2024-05-20,2026-10-14,
500839,1525,Motor,,2024-07-09,2026-08-22,Pending
500840,5785,Medical,1105,2024-03-15,2026-12-22,
500841,6251,Gadget,14195,2022-07-11,2028-01-06,Active
500842,1708,Travel,,2023-07-06,,
500843,2466,Travel,,2024-10-09,2027-12-12,Pending
500844,6265,Gadget,,2023-11-26,2028-10-15,Active
500845,6156,Gadget,11779,2024-01-11,2026-03-23,Active
500846,349,Medical,,2022-06-18,2027-09-01,Lapsed
500847,551,Motor,,2022-10-27,2027-11-03,Lapsed
500848,3219,Medical,,2023-12-26,2027-02-10,Pending
500849,1683,Gadget,,2022-05-22,2026-06-25,
500850,29,Travel,,2024-02-19,2028-04-06,Pending
500851,3778,Travel,,2024-01-16,2029-03-17,Active
500852,4698,Travel,,2023-10-09,2028-11-19,Lapsed
500853,4589,Medical,8988,2023-10-26,2028-11-13,Active
500854,5477,,13705,2022-09-26,2028-05-15,Active
500855,2928,Gadget,,2022-04-01,2028-12-29,Lapsed
500856,755,,,2023-06-30,2026-06-30,Lapsed
500857,1250,Motor,,2023-07-14,2026-12-18,
500858,3404,,,2022-10-31,2028-10-24,Active
500859,4025,,,2023-03-23,2027-06-14,Lapsed
500860,4961,Medical,,2024-11-05,2028-02-06,Pending
500861,1801,,,2024-01-09,2027-09-13,Active
500862,4610,Travel,,2024-04-22,2028-09-19,
500863,5276,,,2023-07-08,2027-08-19,
500864,6690,Gadget,,2024-11-17,2029-01-24,Active
500865,277,Motor,1324,2023-11-06,2028-06-17,
500866,1363,,,2024-03-24,2029-03-06,Active
500867,4814,Life,,2022-04-25,2026-08-05,Pending
500868,2385,Medical,,2023-05-23,2027-04-30,
500869,440,Life,7710,2023-07-06,2027-04-10,Lapsed
500870,1413,,1359,2024-08-15,2027-02-15,Lapsed
500871,3413,Gadget,8068,2022-12-14,2026-08-28,Active
500872,2838,Life,,2022-09-28,2026-10-01,Lapsed
500873,2747,Travel,,2022-07-21,2028-11-22,Active
500874,5204,Medical,7703,2022-06-17,2027-05-14,
500875,5084,Motor,5584,2025-02-09,2028-09-02,Lapsed
500876,928,Travel,,2022-11-08,2026-05-31,Pending
500877,301,Gadget,,2023-03-30,2027-10-25,Pending
500878,1363,Medical,4527,2024-02-28,2027-08-04,
500879,732,Gadget,12466,2023-12-04,2026-12-10,Lapsed
500880,2519,Gadget,,2022-10-24,2028-06-07,Active
500881,1057,Gadget,,2023-04-12,2026-08-12,
500882,4562,Medical,,2023-08-27,2028-02-19,Pending
500883,2339,Travel,,2024-09-19,2028-01-23,
500884,4398,,13961,2023-10-30,2026-07-03,Active
500885,6783,Gadget,9332,2023-01-31,2028-02-22,Pending
500886,4581,Motor,,2023-01-23,2027-07-30,Lapsed
500887,4970,Travel,,2024-12-18,2026-11-09,
500888,676,Gadget,,2024-05-07,2028-05-01,
500889,364,Medical,14774,2025-03-06,2028-04-23,Active
500890,6846,Gadget,9315,2024-07-15,2028-09-27,
500891,5203,Gadget,8798,2024-10-08,2027-03-24,Pending
500892,4964,Life,,2024-10-12,2027-03-01,Active
500893,2411,Life,,2022-12-14,,Pending
500894,6170,Travel,,2024-07-23,2029-02-06,Pending
500895,647,,,2023-10-07,2027-09-23,Lapsed
500896,2391,Life,,2024-09-10,2028-05-28,
500897,3717,Medical,,2024-11-02,2028-04-27,Lapsed
500898,6517,Life,,2025-01-05,,
500899,6871,Medical,,2023-07-30,2028-03-11,
500900,2020,Gadget,4052,2023-12-07,2027-11-02,Lapsed
500901,2976,Travel,,2022-10-20,2027-05-11,
500902,6991,Life,,2022-05-31,2028-12-27,
500903,6619,Life,4265,2024-07-15,2028-09-09,Lapsed
500904,1105,Travel,,2023-05-13,2028-05-04,Lapsed
500905,4436,Medical,,2024-08-30,2026-07-28,Lapsed
500906,953,,,2023-03-07,2026-04-30,
500907,1744,Medical,,2022-08-28,2028-03-10,
500908,5610,Life,,2024-06-08,2026-06-01,Pending
500909,6590,,,2024-06-07,2028-01-03,Pending
500910,5020,Medical,,2024-12-22,2027-07-16,
500911,2941,Medical,3525,2025-02-12,2028-07-09,Lapsed
500912,2783,Life,,2025-01-26,2027-07-09,Active
500913,2170,Life,,2024-03-12,2027-04-30,Active
500914,6224,,13755,2022-07-15,2027-09-08,Lapsed
500915,4430,Life,,2024-08-07,2028-01-16,Pending
500916,1007,Motor,10005,2023-10-28,2028-06-21,Active
500917,2122,Life,,2024-06-10,2027-08-27,
500918,737,,,2022-10-17,2026-07-23,Active
500919,1321,Motor,,2023-01-07,2027-09-24,
500920,4182,Gadget,,2023-07-10,2027-07-12,Active
500921,4930,Medical,8197,2022-10-27,2028-12-19,Pending
500922,1728,Motor,,2023-04-22,2028-10-03,Lapsed
500923,4871,Gadget,,2024-05-10,2027-03-18,Active
500924,2548,,,2023-12-02,2028-06-27,Active
500925,1961,Medical,,2024-03-29,2028-11-05,Lapsed
500926,2171,Medical,8891,2023-04-03,2028-01-18,
500927,4735,Medical,,2024-04-23,2027-08-29,Active
500928,4012,,5761,2024-03-13,2026-12-04,
500929,3614,Travel,12499,2022-11-10,2028-09-04,
500930,4006,Travel,7437,2022-04-30,2027-11-05,
500931,4263,Motor,9983,2024-11-25,2027-12-25,
500932,1683,Motor,,2022-07-26,2028-03-01,
500933,1790,Medical,,2023-12-09,2026-07-25,
500934,4527,Gadget,,2023-02-10,2027-04-10,Pending
500935,4134,Motor,,2023-05-25,2028-09-12,Pending
500936,401,Life,,2024-08-06,2027-12-21,Pending
500937,5733,,,2022-07-11,2028-10-05,Lapsed
500938,5066,Life,9198,2022-05-25,2027-03-20,
500939,591,Motor,587,2024-06-02,2028-10-24,Lapsed
500940,3013,Gadget,,2023-07-03,2027-09-29,Lapsed
500941,2802,Life,14413,2023-01-15,2028-05-25,
500942,6246,Medical,6285,2024-03-02,2028-10-14,
500943,1515,Medical,13932,2023-05-21,,Pending
500944,3939,Travel,,2024-04-14,2028-08-14,Active
500945,772,Travel,,2023-07-11,2028-06-15,Lapsed
500946,1699,Travel,,2022-12-28,2028-03-30,
500947,6609,,,2023-03-17,2028-12-29,
500948,5717,Gadget,11360,2023-04-25,2027-07-27,Pending
500949,1646,Medical,,2022-05-27,2028-05-25,Pending
500950,5562,Gadget,,2023-08-24,2028-03-11,Lapsed
500951,1430,Life,,2023-10-16,2027-02-07,Active
500952,5509,,,2022-04-24,2026-10-06,Active
500953,3260,Medical,5421,2023-12-25,2027-12-23,
500954,6894,Travel,,2023-01-24,2028-11-28,
500955,3108,,7403,2023-06-26,2029-03-07,Pending
500956,3977,Travel,,2023-11-13,2028-02-07,Lapsed
500957,6356,,,2022-12-19,2027-10-28,
500958,3438,Life,11610,,2027-01-23,Lapsed
500959,313,Medical,6734,2025-01-10,2028-06-23,Active
500960,874,Gadget,6836,2024-01-04,2028-12-12,Pending
500961,6647,Gadget,7856,2023-01-17,2026-10-03,Lapsed
500962,4973,Life,7895,2023-08-17,2027-01-31,Active
500963,6740,,,2022-05-05,2028-12-04,Active
500964,90,Medical,,2024-07-27,2028-02-02,Lapsed
500965,1668,Gadget,,2023-05-04,2028-03-30,Lapsed
500966,2355,,,2024-05-03,2026-11-19,
500967,6055,Travel,,2022-12-15,2027-12-05,
500968,596,Travel,9718,2023-08-04,2028-06-04,
500969,106,Gadget,,2022-10-01,,Active
500970,2251,,,2024-03-21,2028-12-09,
500971,4423,Medical,,,2028-09-17,
500972,5431,Gadget,,2023-09-18,2027-07-05,Active
500973,1644,Life,,2023-02-21,2028-11-17,Lapsed
500974,5151,Medical,,2023-10-02,2026-12-13,Active
500975,4146,Gadget,,2023-01-07,2026-09-22,Lapsed
500976,2952,,,2024-09-23,2026-09-08,Pending
500977,2135,Travel,,2024-04-24,2028-08-17,Lapsed
500978,3952,Medical,,2022-11-14,2028-01-24,Active
500979,5775,Motor,,2022-11-04,2026-08-14,
500980,4847,Medical,880,2023-03-14,2027-08-10,Lapsed
500981,778,Travel,,2023-07-27,2028-04-12,
500982,4009,,,2024-04-15,2028-10-12,Pending
500983,2648,Medical,,2024-04-25,2027-02-28,Pending
500984,6479,Life,,2024-11-30,2028-04-30,Lapsed
500985,3248,,,2022-03-25,2026-04-03,
500986,2709,Travel,,2022-06-02,2027-06-23,
500987,470,Travel,,2024-08-12,2026-06-23,Active
500988,5144,,7952,2023-09-13,2027-04-15,Pending
500989,5066,,3087,2023-08-28,2028-04-02,Lapsed
500990,1687,Life,,2024-08-23,,
500991,6096,Motor,2134,2022-11-28,2026-09-28,Lapsed
500992,1349,Medical,6094,2023-02-09,2026-09-07,Active
500993,2849,Life,,2022-09-27,2026-03-21,Lapsed
500994,6180,Medical,,2023-06-27,2027-03-24,Lapsed
500995,921,Medical,,2024-01-12,2026-12-09,
500996,2280,Motor,14661,2022-08-20,2029-01-22,
500997,698,Medical,,2023-12-10,2027-11-24,
500998,3674,,11924,2023-11-29,2028-07-27,
500999,1346,,,2022-03-29,2026-06-06,Active
501000,3298,Life,,2024-02-26,2027-10-07,
501001,6504,,1443,2022-10-08,2027-03-18,
501002,2988,Medical,10124,2025-02-07,2028-08-28,Active
501003,3263,Medical,12578,2022-08-10,,Active
501004,1197,Motor,,2022-06-06,2027-03-26,Pending
501005,6117,Medical,,2022-06-06,2027-06-13,
501006,5753,Travel,,2023-03-04,2027-10-20,Pending
501007,466,Gadget,12797,2023-11-28,2026-04-07,
501008,3960,,,2023-05-20,2027-02-24,
501009,5810,Travel,,2024-02-07,2028-01-29,
501010,1859,,,2023-08-06,2027-10-18,Lapsed
501011,4295,Motor,8088,2024-11-15,2027-04-16,Active
501012,2903,,,2023-03-15,2026-05-27,Lapsed
501013,6885,Medical,,2024-04-28,2028-02-11,
501014,2177,Life,,2024-05-09,2028-06-27,Pending
501015,3911,Medical,,2024-07-11,2028-12-11,Lapsed
501016,1016,,14314,2025-02-17,2027-08-25,
501017,4438,Medical,,,2027-10-15,Pending
501018,6083,Motor,13233,2024-06-17,2027-10-01,
501019,3155,,,2024-11-24,2026-07-21,Active
501020,4958,Medical,2464,2022-11-26,2026-09-05,
501021,1161,,,2024-09-05,2028-06-29,
501022,163,Life,14920,2022-08-01,2028-10-23,Active
501023,6285,Life,,2023-10-02,2027-04-21,
501024,4762,Gadget,,2024-02-01,2026-03-27,
501025,2221,Gadget,4273,2024-08-18,2026-08-13,Lapsed
501026,4275,Medical,,2022-09-03,2026-09-14,Active
501027,3932,Life,8838,2022-10-20,2026-12-09,
501028,3225,Medical,,2024-02-11,2029-02-07,Active
501029,4555,Travel,13735,2024-10-25,2028-12-12,Pending
501030,5598,Motor,7956,2024-08-13,2028-05-02,
501031,6709,Motor,10216,2025-02-12,2028-03-02,
501032,2977,Life,,2024-02-23,2026-08-18,Lapsed
501033,5694,Travel,,2023-01-29,2028-08-26,
501034,738,Life,14225,2023-10-27,2027-07-21,
501035,6249,Travel,,2023-09-22,2028-08-06,Pending
501036,6851,,6798,2024-01-09,2028-06-11,Active
501037,5957,,,2024-10-23,2028-10-01,
501038,4063,,,2024-06-28,2026-12-18,
501039,1224,,,2023-04-17,2028-12-27,Pending
501040,2363,Life,5646,2022-04-09,2028-06-15,Active
501041,6033,Gadget,,2025-02-07,2028-03-24,Lapsed
501042,4502,Medical,,2025-02-11,,Active
501043,678,Motor,13431,2024-09-30,2026-09-20,
501044,6872,Motor,,,2028-03-15,Lapsed
501045,2335,,,2024-01-01,2026-10-08,
501046,6961,Travel,,2022-10-11,2027-01-21,
501047,4020,Gadget,,2024-12-26,2026-07-10,
501048,2929,Travel,5525,2023-05-28,2027-06-27,Pending
501049,366,Gadget,,2024-03-19,2026-12-12,
501050,5337,Travel,4669,2025-01-03,2028-10-13,Active
501051,4646,Life,,2024-01-26,2027-05-26,
501052,1015,,,2023-03-16,2028-12-25,Active
501053,2016,Life,,2022-07-31,2028-10-26,Active
501054,1789,,,2024-01-06,2027-10-04,Pending
501055,305,,14112,2025-01-09,2028-02-25,Lapsed
501056,2778,Motor,245,2023-09-22,2029-02-24,
501057,5220,,,2024-02-20,2026-11-14,
501058,411,Travel,,2023-10-31,2028-09-06,Pending
501059,4631,,7996,2024-08-21,2028-03-24,Pending
501060,340,,14948,2022-10-20,2028-11-01,
501061,6427,Travel,,2023-06-12,2027-09-01,Lapsed
501062,4085,,,2024-04-01,2027-07-08,
501063,593,Life,,2022-10-23,2027-03-23,Pending
501064,3726,,,2022-06-29,2026-10-03,Active
501065,6275,Travel,,2023-07-24,2027-10-31,Lapsed
501066,104,Motor,,2024-11-03,2027-08-08,
501067,4077,,,2022-11-14,2026-12-21,
501068,2750,Motor,11088,2024-06-12,2026-07-28,Pending
501069,252,,,2025-03-17,,
501070,6926,Travel,,2023-01-07,2027-12-09,Pending
501071,5852,,5545,2025-03-18,2027-04-06,
501072,2732,Motor,,2022-04-27,2026-11-17,Active
501073,2073,Motor,,2024-02-08,2026-05-04,
501074,1213,Travel,,2025-03-10,2027-02-25,Active
501075,3048,Travel,,2022-09-26,2028-09-26,
501076,6347,Life,11627,2022-08-23,2029-03-02,Lapsed
501077,1532,Life,4162,2025-01-31,2027-05-22,
501078,6196,,,2024-03-15,2028-06-27,Pending
501079,6796,Gadget,14325,2023-03-06,2026-04-17,
501080,3578,Travel,7984,2023-09-08,2026-07-11,
501081,6113,Gadget,,2023-05-21,2026-08-15,
501082,4564,Travel,,2022-11-15,2026-07-27,
501083,758,,,2023-10-02,2028-05-11,
501084,3490,Gadget,8506,2024-09-11,2027-07-29,
501085,4887,Medical,,2022-03-20,2027-10-23,Pending
501086,6141,Travel,3664,2023-08-21,2027-07-12,Active
501087,915,Motor,,2022-11-02,2028-09-27,Active
501088,6264,Gadget,,2024-06-30,2028-10-05,Pending
501089,6137,Medical,,,2027-10-23,
501090,3564,Medical,,2023-03-17,2027-11-04,Pending
501091,4353,,,2024-02-15,2029-01-10,
501092,5313,Life,,2023-04-08,2027-08-05,
501093,2181,Medical,,2022-07-11,2027-04-27,Lapsed
501094,185,,,2024-07-25,2028-02-17,Active
501095,1174,Gadget,,2022-12-23,2028-11-29,Pending
501096,5547,Medical,,2023-05-18,2028-06-14,
501097,6402,Medical,5421,2024-04-15,2027-01-24,
501098,2796,Life,,2022-12-15,2029-01-18,
501099,1415,Life,,2024-01-30,2029-01-30,Lapsed
501100,6000,Travel,6435,2023-03-31,2028-11-02,Active
501101,277,,,2024-05-26,2028-12-24,
501102,3643,Motor,,2023-12-03,2027-01-27,
501103,3849,Medical,,2024-02-22,2026-11-24,Lapsed
501104,4216,Motor,,2023-03-29,2028-10-05,Active
501105,6056,,11149,2024-11-06,2027-08-30,
501106,4681,Medical,,2023-01-28,2028-09-06,Pending
501107,251,,13080,2022-10-06,2028-04-05,
501108,115,Life,,2022-05-04,2027-01-22,Lapsed
501109,945,Gadget,,2022-03-30,2027-10-21,
501110,5516,,,2025-02-25,2027-06-22,Pending
501111,5612,Travel,,2024-09-05,2028-12-25,
501112,5732,Medical,,2023-06-21,2028-06-19,Lapsed
501113,3657,Gadget,,2023-04-16,2028-03-08,
501114,6282,,,2022-07-30,2028-10-04,Active
501115,4721,Life,,2025-01-24,2028-07-13,Active
501116,6730,,,2024-09-11,2026-06-23,Active
501117,3820,Travel,12481,2022-08-20,2028-01-19,Lapsed
501118,1809,Motor,,2023-12-16,2028-05-29,Active
501119,6886,Travel,,2024-03-06,2026-10-04,
501120,260,Motor,1412,2024-06-01,2027-07-03,Lapsed
501121,6720,Medical,,2024-11-15,2028-10-05,
501122,3728,,,2023-05-19,2028-04-25,
501123,5425,Motor,,2024-08-09,2026-03-22,Lapsed
501124,1520,Motor,,2024-01-18,2026-03-28,
501125,4708,,5470,2024-06-13,2027-04-17,Lapsed
501126,3227,Travel,1302,2024-07-29,2028-12-17,Lapsed
501127,3078,Medical,5807,2023-12-18,2027-05-15,
501128,616,,,2023-06-09,2028-09-28,Lapsed
501129,3593,Life,1114,2022-06-16,2027-12-27,
501130,4922,Travel,1000,2024-09-06,2026-10-16,Active
501131,764,Medical,4072,,2027-07-04,
501132,6688,,10734,2022-12-13,2028-01-25,
501133,1446,Gadget,,2024-10-04,2027-03-06,
501134,5150,,,2022-06-30,2027-11-17,Active
501135,1325,,,2023-04-11,2026-10-06,Pending
501136,2418,,1433,2024-08-24,2028-03-11,Lapsed
501137,925,Life,4185,2023-04-30,2026-10-18,Active
501138,1756,,944,2022-12-31,2027-07-15,
501139,1174,Motor,,2024-12-04,2028-09-03,Lapsed
501140,5841,Gadget,,2024-08-04,2028-10-09,
501141,4736,Motor,502,2023-05-06,2028-05-19,Lapsed
501142,1553,Medical,3438,2024-11-11,2026-04-28,
501143,6001,Life,,2022-07-04,2028-10-31,
501144,6269,,,2023-11-04,2027-03-22,
501145,1615,Life,,2025-02-11,2026-08-21,Lapsed
501146,160,Travel,,2023-03-03,2028-02-14,Pending
501147,1180,Medical,11611,2022-06-20,2026-06-15,Active
501148,395,Motor,373,2022-09-26,2027-05-31,Lapsed
501149,4940,Motor,,2023-11-24,2028-03-05,Pending
501150,1907,,8823,2023-10-01,2027-12-19,Active
501151,2419,,,2024-10-09,2028-03-06,Lapsed
501152,5287,Motor,,2023-10-29,2028-04-15,Active
501153,1780,Motor,,2023-01-21,2029-01-20,Pending
501154,2713,,13123,2024-07-07,2027-03-07,
501155,324,Life,,2024-03-10,2026-04-12,
501156,6334,Life,,2024-04-15,2028-07-27,Active
501157,1683,Motor,14771,2024-05-14,2028-08-31,Lapsed
501158,4608,Travel,,2023-06-10,2026-09-04,
501159,4381,Gadget,12803,2022-04-07,2028-05-10,Active
501160,1846,Medical,,2023-07-22,2028-11-06,Active
501161,6383,Motor,6843,2024-06-23,2026-10-01,
501162,2633,Medical,,2024-11-02,2027-12-01,
501163,4778,Motor,,2024-03-21,2027-05-27,Lapsed
501164,2494,,,2023-09-21,2026-09-17,Lapsed
501165,5319,,,2023-09-04,2026-07-03,
501166,5319,Travel,,2022-04-03,2027-11-01,Pending
501167,4117,Gadget,,2022-10-15,2026-10-06,Active
501168,4361,Motor,,2023-01-30,2028-03-21,Pending
501169,5618,,,2022-05-27,2027-07-29,
501170,6829,Motor,,2023-12-09,2029-01-16,Lapsed
501171,1840,Gadget,1105,2025-02-18,2026-10-30,
501172,2389,Motor,,2024-03-05,2028-01-07,Active
501173,3269,Life,,2023-10-31,2027-05-07,Lapsed
501174,3205,Travel,,2023-09-11,2027-05-08,
501175,2888,Life,,2023-12-18,2027-07-26,Lapsed
501176,4367,,,2025-02-10,,Lapsed
501177,589,Travel,11962,2023-04-29,2028-09-29,Lapsed
501178,5729,Life,,2023-12-10,2028-09-28,Pending
501179,4475,,,2022-06-14,2026-12-18,
501180,943,Life,,2022-12-30,2028-02-03,
501181,1568,,,2022-04-06,2028-03-15,Lapsed
501182,3108,Motor,3609,2023-09-26,2028-12-07,Active
501183,1713,Travel,,2024-10-10,2026-09-10,Pending
501184,407,Travel,,2024-08-30,2028-04-13,Pending
501185,4002,Motor,,2023-01-23,2027-03-15,
501186,6540,,,2024-06-10,2028-09-19,
501187,855,Travel,,2022-11-23,2027-12-01,Pending
501188,5250,Travel,,2023-03-18,2028-11-12,Pending
501189,3308,Motor,13157,2023-11-07,2026-12-08,
501190,1691,Medical,5453,2022-03-29,2027-10-08,Pending
501191,6322,Gadget,11789,,2028-03-28,Pending
501192,415,,,2022-05-01,2026-10-21,Lapsed
501193,6576,,3281,2024-10-21,2028-06-23,
501194,4165,,,2024-10-01,2028-08-13,
501195,3217,Life,13238,2024-10-06,2027-10-22,Pending
501196,1067,Travel,,2022-06-09,2028-02-17,
501197,3527,,1115,2023-11-04,2026-03-27,
501198,1791,,,2023-08-22,2027-06-04,Pending
501199,194,Gadget,1693,2022-06-03,2027-02-13,Lapsed
501200,799,Motor,,2024-12-21,2028-08-20,Pending
501201,5183,Travel,9433,2022-05-06,2027-09-20,
501202,6428,,8453,2025-02-11,2029-01-19,
501203,3779,,,2025-01-16,2028-06-10,Lapsed
501204,393,,7461,2024-11-12,2028-01-05,Active
501205,1633,Gadget,,2023-12-18,2027-03-14,Active
501206,28,,,2023-04-09,2028-12-24,
501207,6652,,2653,2023-07-12,2027-06-22,
501208,3036,Life,8179,2022-10-25,2028-04-08,Lapsed
501209,3832,,7979,2023-10-27,2029-01-11,
501210,1938,Gadget,,2024-11-11,2029-03-17,Pending
501211,2507,,9188,2023-09-03,2027-05-31,Active
501212,985,Medical,2757,2023-03-26,2027-07-26,Active
501213,2821,Travel,12605,2023-05-27,2029-01-23,
501214,809,,,2023-01-19,2028-12-07,
501215,3148,Life,,2024-04-01,2027-04-24,
501216,1226,Life,13340,2023-03-19,,Lapsed
501217,1225,,7832,2024-09-29,2028-02-19,Active
501218,373,Life,10214,2023-01-31,2027-08-30,
501219,3394,,11854,2024-06-24,2027-03-05,Lapsed
501220,2377,Medical,,2023-05-01,2027-09-14,Active
501221,6511,Gadget,11137,2022-04-03,2029-01-27,Pending
501222,3704,Life,,2022-08-31,2028-05-15,
501223,1203,Medical,,2022-11-17,2026-09-20,Active
501224,6271,Travel,,2022-07-09,2028-05-05,Lapsed
501225,4240,Travel,,2023-05-25,2029-01-08,Active
501226,193,,,2022-08-11,2028-12-23,Pending
501227,4565,Motor,6772,2023-11-25,2028-02-18,
501228,1266,Medical,8844,2023-11-06,2027-06-08,
501229,5541,Life,4360,2024-06-28,2028-01-25,
501230,5799,,,2024-03-03,2028-02-09,Lapsed
501231,4673,Medical,,2022-11-19,2026-12-15,Pending
501232,4529,Medical,,2024-01-28,2026-12-02,Lapsed
501233,2095,,11384,2022-05-24,2028-09-04,
501234,5544,Gadget,,2023-07-26,2029-03-17,Pending
501235,5518,Motor,,2024-08-30,2028-07-03,Active
501236,2344,Medical,13341,2023-12-30,2026-05-08,
501237,304,Life,13488,2023-06-06,2026-11-06,Active
501238,6380,,,2023-08-04,2026-04-27,Active
501239,2464,,,2022-06-10,2028-11-11,Lapsed
501240,3032,Motor,,2023-10-02,2029-03-09,Lapsed
501241,1831,Travel,10849,2023-08-20,2028-09-29,
501242,3745,Medical,11446,2022-04-20,2027-08-25,Active
501243,2462,,,2023-06-30,2028-04-15,Active
501244,2714,Gadget,,2023-07-14,2028-12-04,Active
501245,555,,,2025-02-26,2027-12-26,
501246,1463,Life,,2023-02-12,2028-10-03,Pending
501247,2604,,10383,2023-04-06,2029-03-18,
501248,1102,Medical,,2024-03-27,2028-09-05,Active
501249,2156,,,2024-03-19,2027-04-01,
501250,387,Gadget,13972,2024-06-20,2026-05-20,Pending
501251,6151,,,2022-11-23,,Pending
501252,6997,Travel,,2022-07-09,2028-06-15,Active
501253,5690,Medical,,2022-11-25,2029-02-07,
501254,3931,Gadget,,2023-06-17,2027-11-04,
501255,1418,,,2024-03-10,2026-10-24,Lapsed
501256,522,Life,,2022-10-28,2028-08-26,
501257,3300,Life,,,2027-08-16,Pending
501258,2082,Travel,5611,2025-01-09,2027-09-19,
501259,5842,Motor,3827,2025-01-03,2027-05-07,Active
501260,2202,,,2024-01-23,2027-01-31,
501261,4924,,,2023-03-13,2028-09-23,Pending
501262,1154,,,2023-12-03,2026-08-16,Lapsed
501263,6857,Medical,,2022-06-14,2028-06-13,Active
501264,2038,,2695,2024-05-24,2026-11-18,Active
501265,4653,Gadget,,2022-05-01,2027-09-18,Lapsed
501266,5,,1371,2022-07-07,2026-06-19,
501267,6170,,3421,2024-02-13,2027-06-28,Pending
501268,6644,Travel,,2023-11-10,2026-03-22,
501269,6889,Travel,11495,2025-01-14,2028-06-26,Lapsed
501270,1359,,,2023-03-18,2027-02-27,
501271,3481,,,2023-04-12,2028-11-24,
501272,1818,Gadget,8655,2023-09-30,2026-10-30,Lapsed
501273,727,Motor,,2023-11-20,2028-09-03,Active
501274,1621,,14535,2023-06-02,2027-10-21,Pending
501275,5523,Motor,,2022-10-01,2027-02-25,Pending
501276,5618,Travel,,,2026-10-28,Active
501277,5898,Travel,3842,2024-12-21,2028-03-09,
501278,4138,Travel,7844,2025-02-04,2027-09-19,Active
501279,3231,,,2023-04-27,2027-08-12,
501280,3743,Travel,14996,2022-07-09,2027-10-02,
501281,5475,Travel,,2022-09-15,2026-06-27,Lapsed
501282,500,Medical,,2024-03-26,2028-05-16,
501283,250,,,2024-11-14,2028-02-04,Active
501284,331,,,2023-10-04,2027-07-01,Lapsed
501285,1873,Medical,,2022-12-15,2028-04-02,
501286,3286,Medical,,2023-04-27,2028-10-13,Active
501287,5483,Life,,2022-09-04,2026-04-21,
501288,5540,Medical,,2023-02-22,2028-01-29,Active
501289,240,,,2024-02-25,2027-03-23,
501290,5570,Medical,,2023-09-07,2026-05-19,Lapsed
501291,4896,,,2024-11-25,2029-01-04,
501292,1091,Motor,,2024-03-19,2028-10-05,
501293,6008,Travel,,2024-03-09,2026-12-25,
501294,1215,Gadget,7312,2022-09-28,2028-04-22,Active
501295,6514,,,2025-02-26,2028-01-23,
501296,6423,Motor,,2023-12-09,2028-01-24,
501297,6194,Life,11889,2023-11-29,2028-05-11,Active
501298,3393,Motor,,2022-07-03,2028-09-14,Lapsed
501299,5829,Gadget,12574,2023-07-21,2029-01-18,Pending
501300,4268,Motor,,2023-06-25,2028-04-29,Active
501301,5118,,12112,2023-03-12,2026-06-13,
501302,6842,Motor,3416,2024-09-20,2027-12-17,Lapsed
501303,3769,Medical,,2024-08-25,2026-03-27,Lapsed
501304,1701,Life,8762,2023-09-21,2026-03-23,Lapsed
501305,2066,,13158,2023-05-09,2028-12-29,
501306,3444,,,2024-10-27,2027-05-17,Lapsed
501307,5509,,1735,2024-12-19,2029-01-05,Lapsed
501308,4707,Medical,,2023-01-15,2029-01-17,Pending
501309,1654,Gadget,8010,2023-07-07,2027-06-30,
501310,5366,Life,,2024-04-01,2026-10-17,Active
501311,2144,,,2022-09-08,2028-10-06,Active
501312,2970,,,2023-07-30,2028-09-13,
501313,2337,Gadget,,2023-10-21,2026-05-26,Lapsed
501314,6954,Gadget,,2023-03-17,2028-10-05,
501315,216,,,2024-05-30,2028-03-10,Active
501316,5787,Motor,12676,2023-08-19,2027-01-12,Lapsed
501317,4022,Motor,,2024-08-06,2028-03-01,Lapsed
501318,6226,Motor,,2022-03-24,2027-09-05,Active
501319,6735,Motor,3156,2024-02-29,2028-09-03,Lapsed
501320,5723,Life,,2023-02-26,2028-07-18,
501321,4729,,13961,2025-01-27,2029-01-08,Lapsed
501322,4555,Medical,,2024-12-09,2027-09-03,Lapsed
501323,3454,Life,,2025-03-01,2029-02-21,
501324,259,,,2023-07-19,2028-09-07,Pending
501325,4775,Motor,5985,2022-10-30,2028-10-13,Active
501326,2887,Travel,13192,2025-01-18,,Active
501327,3468,Gadget,723,2023-05-01,,Active
501328,3105,,,2023-05-21,2026-10-29,
501329,4886,Motor,,2023-04-25,2029-02-27,Lapsed
501330,4003,Motor,,2022-03-20,2026-08-29,Pending
501331,5390,Gadget,,2022-11-25,2026-04-11,
501332,3994,Gadget,,2024-12-30,2028-12-21,Pending
501333,4563,Medical,,2023-02-17,2026-08-29,
501334,3965,Life,,2025-01-16,2028-02-12,
501335,5942,,,2024-09-14,2027-02-08,
501336,6569,,12712,2024-10-24,2027-10-06,
501337,429,Gadget,,2025-02-09,2028-12-19,Pending
501338,6687,,,2024-05-24,2027-12-03,
501339,2629,,6541,2025-02-11,2029-02-12,Lapsed
501340,3171,Life,4235,2024-05-21,2026-11-27,
501341,1937,,10744,2023-07-28,2028-04-03,
501342,5564,Motor,,2023-11-23,2026-08-26,Lapsed
501343,5491,Travel,,2023-01-23,2026-07-11,Active
501344,3204,,,2023-10-27,2027-09-18,Active
501345,4362,Travel,,2023-04-16,2026-12-28,
501346,222,Medical,,2022-07-10,2027-08-31,
501347,6775,Medical,,2024-05-15,2027-10-20,
501348,1381,Medical,,2025-02-04,2028-05-17,
501349,6281,,1785,2023-05-30,2027-07-14,Lapsed
501350,2749,Travel,,2023-09-17,2028-02-08,Pending
501351,6874,Gadget,,2023-07-12,2026-09-10,
501352,3990,,,2023-01-27,2026-04-20,
501353,4245,Gadget,,2023-12-17,2026-04-28,
501354,127,Gadget,,2024-08-14,2026-11-30,
501355,1264,Motor,,2024-12-03,2026-04-17,
501356,2327,Life,13563,2022-05-15,2026-07-09,
501357,1631,Motor,,2023-11-16,2029-02-24,Lapsed
501358,5498,,7268,2024-04-12,2029-02-04,
501359,1425,Medical,,2023-12-23,2028-05-23,Active
501360,5480,Medical,,2023-11-10,2027-06-23,Active
501361,6583,,,2022-10-29,2026-04-05,Pending
501362,3949,Gadget,,2023-12-31,2027-06-23,Active
501363,3349,,10415,2022-10-16,2028-03-08,Active
501364,6582,Motor,4006,2025-01-30,2027-06-08,Lapsed
501365,6703,,7919,2023-03-01,2026-09-21,
501366,4193,,,2022-08-01,2026-12-20,Lapsed
501367,4239,Motor,11271,2023-04-12,2026-10-04,
501368,1248,Gadget,,2022-05-03,2029-02-19,Active
501369,315,Life,,2023-04-12,2028-04-27,
501370,6115,Life,,2023-09-29,2028-08-22,
501371,2959,Motor,966,,2028-09-05,
501372,6173,Motor,2619,2024-08-27,2028-11-17,Pending
501373,5149,Life,4061,2024-12-04,2026-11-08,Pending
501374,6889,Travel,,2023-09-14,2027-02-07,Lapsed
501375,3443,Travel,3577,2022-10-16,2026-08-03,Active
501376,6742,Medical,,2024-03-24,2028-10-28,
501377,6866,Motor,,2022-05-19,2026-08-19,Pending
501378,5465,Life,,2022-08-09,2027-08-06,
501379,3413,Gadget,,2023-06-29,2028-05-10,
501380,6616,Gadget,,2022-11-24,2026-05-13,Pending
501381,2674,Travel,,2022-10-17,2029-02-19,
501382,4859,Life,8961,2023-02-19,2026-08-31,Active
501383,6712,Travel,,2023-12-31,2027-11-27,Active
501384,732,,,2023-12-23,2027-08-04,Lapsed
501385,6325,Travel,13814,2023-08-18,2028-05-06,Active
501386,422,,,2022-08-05,2027-07-29,Pending
501387,2886,Motor,7541,2024-11-22,2028-11-16,Pending
501388,2827,Motor,,2024-08-26,2028-07-09,Active
501389,3448,Life,,2024-05-04,2028-12-16,Pending
501390,6551,Medical,,2024-02-29,2028-01-25,Lapsed
501391,3529,Motor,,2023-08-02,2027-01-24,Lapsed
501392,2545,Medical,,2022-07-02,2026-06-06,
501393,3337,Travel,,2023-05-18,2027-04-25,Lapsed
501394,5243,,,2024-01-19,2027-10-13,
501395,1402,Travel,,2023-12-05,2026-12-12,Active
501396,5459,Life,7216,2023-09-02,2026-10-30,Pending
501397,3299,Life,,2022-09-06,2027-03-29,Pending
501398,4064,,,2023-06-30,2026-12-15,Lapsed
501399,3548,Travel,,2024-05-05,2027-02-26,Lapsed
501400,1180,Medical,13232,2023-01-19,2026-09-26,Lapsed
501401,2798,Medical,,2022-10-01,2027-05-26,Pending
501402,4371,Travel,,2023-07-18,2028-09-10,
501403,4449,Gadget,9101,2025-01-12,2028-09-14,Pending
501404,3031,Gadget,,2025-01-31,2026-12-09,Lapsed
501405,1244,Medical,,2022-04-19,2027-07-12,
501406,3332,,,2023-02-19,2026-07-29,Lapsed
501407,2863,Gadget,,2024-01-05,2027-03-13,
501408,6559,,10935,2024-07-12,2028-04-17,Lapsed
501409,1891,,,2023-10-22,2028-01-24,
501410,389,,6132,2022-07-27,2027-10-11,Active
501411,4220,,,2024-07-04,2026-06-10,
501412,5409,Motor,,2025-01-05,2027-04-21,Lapsed
501413,3376,Life,,2023-02-19,2028-07-08,
501414,5280,Life,,2024-04-13,2027-08-17,Lapsed
501415,1406,Gadget,,2022-10-20,2027-03-13,
501416,4208,Travel,6849,2022-08-03,2028-12-06,Pending
501417,6128,Motor,,2024-06-26,2028-03-28,
501418,2895,Gadget,,2022-11-07,2028-07-30,
501419,6075,,13204,2023-12-12,2028-07-06,Lapsed
501420,3298,Travel,2027,2023-08-27,2026-11-18,Pending
501421,2536,,,2023-09-23,2028-02-16,Lapsed
501422,3631,Travel,,2022-08-24,2028-10-29,Active
501423,5769,Medical,,2023-05-26,2026-04-04,Active
501424,2409,Motor,,2024-07-17,2026-06-25,
501425,3235,Motor,,2024-06-18,2027-01-18,
501426,4143,Medical,,2024-08-27,2028-01-02,
501427,2648,Travel,,2022-09-06,2027-03-27,
501428,6482,Travel,,2023-02-13,2027-02-08,
501429,5393,,,2025-02-22,2026-09-12,Active
501430,2945,,8174,2022-08-12,2027-10-23,
501431,55,,,2024-10-06,2027-05-09,
501432,2315,Gadget,,2024-03-31,2026-05-09,Active
501433,4641,Life,,2025-01-21,2029-01-25,
501434,1990,,4992,2022-03-21,2027-05-20,
501435,4024,Medical,2247,2022-07-19,2027-09-27,Lapsed
501436,1344,,1366,2023-05-03,2029-01-24,Active
501437,3037,Gadget,,2024-04-13,2026-12-21,
501438,3130,Motor,,2023-03-17,2028-07-13,
501439,2668,Motor,,2024-01-27,2026-10-22,Lapsed
501440,2322,Motor,,2025-03-13,2029-01-02,Pending
501441,6478,Life,,2022-08-22,2026-11-17,Pending
501442,2733,Medical,895,2022-10-10,2027-10-11,Lapsed
501443,3195,,2017,2024-09-01,2028-08-18,Active
501444,2196,,,2023-03-23,2028-12-27,Pending
501445,6457,Life,,2024-07-23,2028-10-10,
501446,1234,Travel,,2024-08-27,2027-10-10,Lapsed
501447,2805,Travel,,2024-12-25,2027-01-12,
501448,5019,Motor,1838,2024-06-18,2027-08-07,Lapsed
501449,6418,Medical,7992,2022-10-18,2027-07-28,
501450,145,,,2024-12-22,2028-06-02,Lapsed
501451,5948,Gadget,,2024-07-22,2027-08-08,
501452,601,Travel,5031,2025-03-14,2026-07-28,
501453,4869,Gadget,,2024-06-01,2027-09-16,Lapsed
501454,6022,,,2024-08-19,2026-09-18,Lapsed
501455,2422,Gadget,,2024-06-16,2027-08-03,Lapsed
501456,1380,,,2024-06-16,2027-12-10,
501457,4833,,,2022-04-25,2026-07-23,
501458,783,,10415,2024-10-03,2029-01-17,
501459,3536,Travel,13993,2024-11-19,,Pending
501460,998,Gadget,8678,2024-09-08,2028-08-18,Lapsed
501461,2215,Gadget,,2023-01-01,2027-03-07,Pending
501462,4440,,13648,2024-06-30,2028-11-12,Active
501463,6886,,,,2026-04-03,Active
501464,5405,Gadget,,2022-06-22,2027-12-27,Lapsed
501465,5474,Life,615,2023-12-09,2028-12-22,Active
501466,3333,,,2023-02-27,2027-03-28,Pending
501467,3779,,279,2025-01-02,2028-07-19,Active
501468,5909,Medical,9653,2023-07-01,2029-02-04,Lapsed
501469,1673,Motor,,2022-04-01,2027-04-07,
501470,5827,Life,11211,2023-10-05,2027-08-23,
501471,6316,Gadget,4838,2023-06-30,2027-11-05,
501472,190,Life,,2022-06-18,2028-06-24,
501473,3806,,,2023-07-21,2029-03-09,
501474,6979,,12048,2022-04-28,2027-09-15,Active
501475,6257,,,2023-09-07,2027-11-30,
501476,4591,,4465,2023-12-27,2027-03-10,Pending
501477,2750,Life,,2025-01-15,,Active
501478,2494,Medical,,2023-07-19,2029-03-02,
501479,3772,Medical,,2024-04-17,2027-11-14,
501480,4529,Gadget,,2024-11-07,2028-09-25,Active
501481,5287,,3985,2022-07-01,2027-01-21,
501482,681,,350,2022-06-06,2026-10-04,Lapsed
501483,306,Life,13954,2023-08-07,2027-01-13,
501484,994,Medical,14710,2023-02-07,2026-04-26,Lapsed
501485,5649,,,2024-04-24,2026-09-20,Lapsed
501486,1402,Medical,4568,2022-04-10,,
501487,4302,Life,14560,2024-08-09,2027-12-16,Pending
501488,5873,Medical,,2023-09-13,2028-10-10,Lapsed
501489,5963,Travel,,2024-12-03,2026-05-31,
501490,2488,,3030,2024-07-28,2027-06-17,Pending
501491,769,Medical,,2024-10-29,2026-06-05,Lapsed
501492,193,Gadget,,2024-02-09,2028-05-30,Lapsed
501493,3008,Gadget,8809,2024-02-20,2027-01-21,
501494,5775,Motor,,2023-12-19,2029-01-02,
501495,3330,,,2024-08-21,2027-05-01,Active
501496,12,Motor,,2023-03-10,2028-01-27,
501497,941,Life,,2023-10-15,2027-04-15,
501498,6914,,,2024-06-24,2027-10-10,Active
501499,215,Gadget,12576,2023-10-07,2027-02-21,Pending
501500,674,Motor,,2022-11-11,2026-05-24,Active
501501,785,Life,8198,2023-07-09,2026-07-31,
501502,2857,Motor,12022,2022-05-03,2027-02-27,Pending
501503,718,Medical,,2022-09-23,2027-03-16,Active
501504,2507,Travel,,2023-02-23,2027-02-15,Active
501505,6484,Motor,,2022-04-02,2027-01-12,Active
501506,5484,Medical,,2023-12-14,2026-12-23,
501507,4807,,,2022-12-23,2027-09-04,Lapsed
501508,4417,Travel,,2023-10-30,2026-07-24,Active
501509,5752,Motor,,2025-02-13,2026-06-27,Pending
501510,3839,Gadget,,2023-06-07,2028-07-01,
501511,2288,Travel,,2023-09-13,2027-12-07,Pending
501512,15,,,2022-04-10,2028-08-01,Lapsed
501513,4973,,12431,2023-02-27,2026-11-04,Pending
501514,1190,,,2023-11-27,2026-07-13,Active
501515,5474,Medical,,2025-02-23,2028-06-29,Pending
501516,3337,Gadget,11838,2023-04-07,2027-01-09,Pending
501517,4266,Medical,,2025-03-03,2027-11-03,
501518,726,,1384,2022-11-29,2026-07-11,Pending
501519,4787,Motor,,2022-07-27,2027-04-22,
501520,4174,Medical,14783,2024-02-24,2026-06-15,
501521,739,Life,,2023-01-23,2028-10-06,
501522,208,Medical,,2022-08-06,2027-08-31,
501523,915,Medical,,2024-12-11,2026-07-03,
501524,2921,,,2023-01-11,2026-09-19,Pending
501525,6175,Gadget,,2023-01-21,2027-07-17,
501526,194,Medical,,2023-01-26,2028-01-26,
501527,6304,Travel,,2025-01-14,2028-03-28,Active
501528,100,Medical,,2024-10-03,2029-02-10,Active
501529,1528,,,2022-03-21,2026-06-08,
501530,2251,Motor,13423,2024-04-05,2028-03-17,Active
501531,2056,Life,11424,2024-05-12,2027-02-25,
501532,3952,Life,,2024-06-07,2028-10-02,
501533,4805,,,2022-05-20,2029-02-03,Lapsed
501534,3616,Medical,,2024-09-24,2027-05-30,Pending
501535,6447,Life,6042,2022-06-29,2027-09-27,Lapsed
501536,4038,Gadget,,2024-04-25,2027-05-03,
501537,4104,Life,,2023-02-14,2028-07-31,
501538,5794,Motor,,2024-08-03,2027-02-26,Pending
501539,1796,Medical,14970,2023-08-10,2029-03-04,Lapsed
501540,804,Life,,2022-06-20,2027-07-22,
501541,4249,,10920,2024-12-10,2026-05-24,
501542,3354,Motor,3874,2022-04-10,2029-01-25,Active
501543,5921,,,2024-01-01,2026-12-18,Pending
501544,5513,Life,,2023-05-14,2028-09-11,Pending
501545,3375,Motor,9478,2022-08-05,2028-04-13,Lapsed
501546,3272,,13062,2025-02-06,2027-08-28,Pending
501547,3087,Medical,,2022-06-05,2028-09-19,Lapsed
501548,1706,Motor,,,2028-09-22,
501549,5430,Life,,2024-09-12,2028-02-17,
501550,4493,Motor,,2024-05-26,2028-07-31,
501551,2027,Medical,12855,2022-12-12,2026-04-25,Lapsed
501552,5626,Motor,,2022-08-14,2027-08-02,Lapsed
501553,3567,Gadget,12204,2024-09-30,2027-04-29,
501554,4786,,,2022-11-02,,
501555,5164,Life,935,2022-03-28,2027-02-15,Pending
501556,4092,,,2022-09-26,2028-07-08,Pending
501557,5432,Motor,,2023-02-07,2026-09-22,Lapsed
501558,1078,Gadget,,,2026-06-22,Active
501559,1721,,9125,2022-11-08,2028-01-25,Active
501560,4748,Gadget,10783,2022-06-26,2027-04-11,Pending
501561,349,Travel,,2023-10-13,2026-06-12,
501562,1408,Motor,,2024-05-28,2028-12-15,Active
501563,5307,Travel,,2025-03-16,2027-09-02,Lapsed
501564,6465,Gadget,6329,2023-08-01,2028-09-25,
501565,5472,,,2024-06-18,2026-10-06,Lapsed
501566,3732,,11095,2024-02-25,2028-12-26,Pending
501567,4552,,,2023-03-26,2026-07-16,Lapsed
501568,4093,Medical,,2024-02-28,2027-01-23,Active
501569,293,Motor,,2022-11-08,2027-03-23,
501570,4255,,,2022-03-23,2027-03-24,Lapsed
501571,1503,Travel,,2024-10-12,2029-02-05,Active
501572,25,Life,,2024-06-01,2027-11-29,
501573,4914,,,2023-02-22,2026-06-14,Lapsed
501574,6376,,,2024-05-23,2028-05-27,
501575,1645,,,2022-12-16,2027-02-17,Lapsed
501576,6705,,,2022-08-11,2028-07-23,Lapsed
501577,1544,,10017,2023-06-27,2026-12-26,Lapsed
501578,6622,Medical,,2024-10-21,2029-02-14,
501579,3678,Travel,,2024-09-18,2028-09-05,Lapsed
501580,5753,Motor,,2022-10-29,2026-03-27,
501581,4515,Life,,2023-01-16,2028-03-07,Lapsed
501582,4466,Medical,,2024-07-01,2028-09-19,
501583,1516,Gadget,2922,2024-06-19,2028-03-05,
501584,1813,,8341,2022-12-02,2027-12-26,
501585,5193,,,2024-12-09,2028-05-01,
501586,6296,Travel,,2022-07-11,2028-10-02,Lapsed
501587,6576,Medical,13439,2023-06-18,2027-02-17,Active
501588,3617,Gadget,,2023-09-09,2027-03-16,Active
501589,4353,,446,,2027-08-22,Lapsed
501590,4424,Motor,10275,2024-07-06,2026-08-02,
501591,254,,,2023-03-12,2027-11-13,Pending
501592,2819,Motor,3685,2023-06-11,2026-09-12,Active
501593,6030,,,2024-01-24,2026-08-16,
501594,4750,Gadget,6270,2022-08-03,2029-02-17,
501595,5809,Medical,,2023-07-18,2026-11-25,
501596,122,Travel,14043,2024-07-19,2027-05-14,Active
501597,33,Motor,,2024-06-19,2027-01-20,Pending
501598,1284,Motor,3801,2022-12-02,2028-08-28,Pending
501599,2598,,,2024-12-29,,Active
501600,1177,Medical,,2023-05-10,2027-04-14,Lapsed
501601,5365,,,2022-08-06,2027-07-17,Active
501602,5261,,,2023-01-14,2027-01-12,
501603,4727,Motor,,2022-11-20,2028-07-02,
501604,2537,Life,11973,2024-06-11,2028-12-12,Active
501605,5913,Gadget,1974,2023-10-26,2029-01-16,
501606,4326,Travel,10844,2022-11-14,,Lapsed
501607,201,Medical,12336,2024-04-07,2029-01-21,Pending
501608,555,Life,,2024-06-22,2028-09-09,Lapsed
501609,1190,Motor,10248,2023-04-21,2027-02-24,Active
501610,3107,Motor,,2023-02-02,2027-12-09,Pending
501611,5109,Life,8611,2024-11-19,2027-02-11,
501612,5725,Motor,,2024-12-06,2026-07-31,Active
501613,951,Gadget,,2022-12-08,2027-08-31,Pending
501614,818,,9262,2022-12-09,2028-09-28,Active
501615,846,Motor,,2022-09-17,2027-03-08,
501616,230,Travel,,2022-10-10,2027-10-26,Active
501617,2338,Gadget,,2024-06-18,2028-01-12,
501618,921,Medical,,2024-08-07,2027-09-09,Lapsed
501619,2474,,13449,2024-11-16,2028-08-20,Active
501620,5724,Gadget,,2022-04-22,2027-07-26,
501621,4855,Medical,,2022-07-04,2028-06-29,
501622,5095,Medical,,2024-10-22,2027-07-23,Active
501623,5797,Gadget,5039,2022-08-25,2028-05-06,Pending
501624,1775,Travel,6352,2023-08-09,2026-09-05,Pending
501625,4162,,3413,2023-05-23,2026-12-21,Lapsed
501626,4949,Motor,,2022-04-12,2026-11-13,Pending
501627,3106,,,2023-06-08,2028-01-23,
501628,2003,Gadget,6644,2024-01-04,2026-12-15,Active
501629,6376,Medical,,2024-12-16,2029-03-05,Pending
501630,927,Gadget,14749,2024-02-28,2026-10-29,
501631,666,Medical,,2024-06-10,2027-08-10,
501632,3404,Medical,,2022-11-04,2028-12-13,
501633,6042,Life,,,2029-03-04,Pending
501634,5247,,,2022-10-15,2028-06-20,Lapsed
501635,4221,,,2022-12-11,2027-08-01,
501636,1887,Travel,,2023-01-03,2026-06-24,Pending
501637,4464,,,2023-09-13,2026-06-25,Active
501638,5199,,5860,2023-07-17,2027-06-09,Lapsed
501639,2058,Travel,,2025-03-18,2027-01-15,Pending
501640,5018,,,2024-05-06,2027-07-19,Active
501641,4233,Medical,,2023-09-13,2028-08-14,
501642,181,,,2024-03-20,2028-07-09,
501643,1478,Medical,,2023-03-23,2028-08-12,Active
501644,2134,Motor,,2022-09-12,2029-02-01,Pending
501645,4816,Medical,,2024-11-28,2028-03-17,
501646,4310,Medical,,2023-03-01,2026-12-11,Pending
501647,1191,,,2024-08-20,2027-08-17,
501648,1341,,,2022-06-03,2026-05-17,
501649,4148,Travel,10337,2023-10-27,2027-08-18,
501650,2244,Medical,4377,2024-11-27,2026-12-23,
501651,5828,Motor,1254,2025-01-29,2028-04-20,
501652,713,Life,,2023-06-10,2027-05-29,Lapsed
501653,6350,,11997,2022-03-26,2027-11-04,
501654,682,Life,2239,2023-05-19,2027-01-14,Lapsed
501655,5363,,6640,,2028-12-26,
501656,587,,,2023-10-04,2027-11-17,Lapsed
501657,1411,Motor,,2024-02-13,2026-10-06,Active
501658,6029,,,2022-04-17,2028-12-31,Active
501659,364,,,2024-05-21,2026-12-20,Active
501660,1933,Medical,,2022-07-17,2028-08-17,
501661,6776,Motor,8651,2022-11-22,2027-11-16,Active
501662,4473,Life,,2024-03-07,2027-12-11,Pending
501663,3645,,,2022-11-25,2027-10-30,Active
501664,6424,,,2023-07-10,2028-08-09,
501665,5780,Travel,980,2022-03-24,2026-05-23,Active
501666,1098,Medical,,2022-04-02,,Lapsed
501667,727,Medical,11842,2024-11-17,2027-11-21,
501668,500,,6467,2022-04-07,2027-03-30,
501669,5610,,,2024-10-25,2027-04-05,Active
501670,1121,Gadget,,2024-10-01,2027-03-22,Lapsed
501671,1975,Medical,,2022-10-05,2028-06-09,
501672,5155,Gadget,,2022-08-26,,
501673,590,Gadget,780,2022-09-17,2028-08-02,Pending
501674,5621,Travel,,2024-07-21,2027-10-26,
501675,848,Gadget,2568,,2028-02-26,Lapsed
501676,1107,Gadget,3039,2022-07-12,2027-03-08,Active
501677,929,Gadget,,2023-01-25,2027-07-06,
501678,3113,Gadget,,2024-01-22,2028-06-08,
501679,3010,Gadget,,2023-06-10,2027-12-02,
501680,6642,Motor,,2022-11-29,2027-06-25,Active
501681,2662,Gadget,,2024-08-01,2027-10-02,Pending
501682,3761,,,2023-09-08,2026-03-30,Pending
501683,1800,Motor,,2024-02-07,2027-02-05,Lapsed
501684,596,Motor,13707,2023-07-18,2027-03-01,
501685,2261,Motor,,2024-05-19,2026-06-11,
501686,5368,,4385,,2028-10-10,
501687,4693,Medical,7099,2023-10-28,,
501688,2169,Motor,,2023-09-17,2026-11-15,
501689,2504,,,2024-06-24,2028-12-30,
501690,4521,Medical,5863,2023-01-23,2029-01-17,Active
501691,6581,Motor,,2025-02-15,2026-11-04,Active
501692,4811,Motor,,2023-12-27,2026-05-31,Lapsed
501693,6544,Motor,9798,2022-03-27,2027-10-03,Pending
501694,1673,Travel,10947,2024-04-16,2028-02-11,Lapsed
501695,2289,Medical,6662,2023-11-26,2027-08-27,
501696,1632,Medical,,2023-01-01,2026-11-07,
501697,5999,Travel,6914,2023-06-24,2029-01-07,Active
501698,3520,Gadget,4456,2024-01-05,2027-02-02,Active
501699,2980,Motor,8886,2024-10-08,2026-09-16,Active
501700,5783,Life,,2022-04-26,2029-03-11,Active
501701,431,Medical,10676,2024-07-01,2028-10-13,
501702,2737,Medical,13491,2024-06-26,2026-09-06,Lapsed
501703,695,,8764,2023-11-04,2028-04-28,Active
501704,119,Life,,2024-03-14,2027-04-04,
501705,1930,Life,11871,2022-11-16,2027-07-17,
501706,1599,,14819,2025-01-07,2027-08-01,Lapsed
501707,2812,Life,10818,2022-08-14,2026-06-23,Lapsed
501708,5740,Travel,,2022-12-24,2028-07-13,Lapsed
501709,6682,Motor,,2022-09-30,2027-08-21,Lapsed
501710,6832,Motor,,2023-01-26,2029-02-27,
501711,490,Life,8291,2023-01-16,2027-11-26,Active
501712,2462,Gadget,14097,2024-07-31,2026-12-16,
501713,541,Motor,,2024-09-24,2027-03-09,
501714,1462,Gadget,,2023-11-28,2028-10-08,Active
501715,1267,Motor,,2023-08-22,2026-07-22,
501716,1275,,10457,2024-01-17,2026-07-23,Lapsed
501717,3238,,,2023-12-25,2028-12-22,Pending
501718,283,,,2023-08-08,2028-02-20,
501719,5620,,,2023-12-18,2028-09-10,Lapsed
501720,2776,Gadget,,2024-12-10,2027-09-24,Lapsed
501721,1058,Travel,12802,2024-01-03,2026-10-22,Active
501722,3863,Motor,,2024-09-07,2026-05-26,Pending
501723,756,Motor,,2023-01-23,2027-06-27,Active
501724,4942,Medical,6433,2022-05-16,2027-03-09,Lapsed
501725,3141,Motor,,2022-05-04,2028-11-29,
501726,1653,Medical,,2024-07-05,2027-02-22,
501727,73,,13494,2024-11-28,2029-03-13,
501728,5421,Life,,2022-12-04,2028-08-27,Lapsed
501729,2879,Medical,,2024-10-10,2029-01-01,Active
501730,2031,Life,12835,2023-03-01,2028-06-19,Pending
501731,5128,Motor,8472,2024-11-04,2026-09-07,Pending
501732,6023,Medical,,2022-10-08,2027-04-29,Lapsed
501733,3870,Life,,2022-09-17,2029-01-22,Pending
501734,1548,,,2024-03-12,2028-05-11,Active
501735,2836,Medical,10918,2022-08-25,2028-07-15,Pending
501736,3776,Life,6275,2022-07-12,2028-06-07,Active
501737,925,Medical,,2023-01-21,2027-01-05,Lapsed
501738,183,,,2025-02-01,2026-07-31,Pending
501739,1292,Life,,2024-02-11,2028-05-01,Active
501740,6228,,801,2025-02-28,2028-10-12,
501741,2582,Gadget,,2022-09-26,2028-02-14,Pending
501742,3822,Motor,,2023-08-31,2027-07-05,
501743,2967,Motor,,2023-05-06,2027-02-24,Pending
501744,6320,Medical,,2023-11-06,2028-07-29,Pending
501745,4397,,,2022-12-23,2029-03-17,
501746,5146,Life,,2023-08-02,2028-09-18,Pending
501747,107,Gadget,,2022-03-31,2027-02-01,Pending
501748,4892,Motor,10149,2024-07-08,2028-06-15,Lapsed
501749,6583,Medical,,2023-05-02,2028-01-11,Lapsed
501750,4840,Motor,,2023-09-24,2027-01-03,Active
501751,1609,,,2025-03-07,2029-01-02,
501752,3269,Gadget,,2022-09-09,2028-10-09,Pending
501753,2,Motor,3544,2024-06-21,2027-04-23,Lapsed
501754,2666,,,2023-08-16,2027-11-19,Active
501755,4636,,,2023-11-19,2029-02-20,
501756,2381,,4642,2022-12-02,2028-03-01,
501757,4277,,7803,2023-06-12,2026-05-14,
501758,2702,Travel,,2022-07-19,2026-08-07,Active
501759,6763,,,2024-05-01,2026-12-08,
501760,174,Gadget,4766,2024-01-14,2028-10-31,Pending
501761,3815,,,2023-10-20,2027-08-06,
501762,381,Life,2678,2022-11-27,2028-02-09,Lapsed
501763,6478,Gadget,1155,2024-02-01,2028-08-14,Lapsed
501764,6467,Medical,,2024-05-14,2026-07-23,
501765,1994,Life,,2022-04-18,2027-02-15,
501766,2549,Motor,,2022-05-30,2026-10-23,Lapsed
501767,5606,Gadget,,2023-12-25,2027-06-04,
501768,1222,Life,,2022-11-24,2028-01-06,Pending
501769,6036,Motor,,2024-08-16,2026-06-10,Lapsed
501770,4643,,,2023-12-26,2027-01-15,Lapsed
501771,2992,Gadget,,2023-12-04,2027-06-24,
501772,939,Life,,2025-03-10,2027-07-14,
501773,4372,,,2024-02-10,2027-04-28,
501774,5745,Medical,6802,2024-06-29,2028-02-07,
501775,4152,,,2023-07-24,2027-01-24,Lapsed
501776,3180,,,2024-02-06,2026-06-30,Pending
501777,2051,Motor,,2022-08-10,2029-01-11,Pending
501778,836,Motor,,2023-04-03,2026-12-28,Active
501779,3979,Medical,10820,2024-12-17,2027-07-31,
501780,6206,Medical,,2022-10-16,2026-09-24,Active
501781,3945,Medical,,2022-09-16,2028-11-21,Active
501782,1597,Life,,2025-01-31,2026-06-27,
501783,1503,Medical,10157,2024-06-13,2028-02-04,
501784,5818,,,2023-08-29,2028-02-13,
501785,2937,,14447,2022-03-29,2029-01-09,
501786,5149,Travel,,2024-06-17,2028-06-21,
501787,4518,,,2024-03-13,2026-07-21,Pending
501788,3412,Life,5297,2024-10-31,2027-04-01,
501789,3583,Medical,,2023-07-29,2026-07-10,Pending
501790,1787,Medical,12565,2022-07-31,2028-08-27,Active
501791,1880,Travel,2896,2024-12-20,2029-01-11,
501792,3862,Gadget,5376,2023-11-20,2027-08-07,Lapsed
501793,5590,Medical,,2023-06-10,2028-05-23,Pending
501794,1833,Motor,,2023-12-02,2029-01-05,
501795,212,Medical,494,2025-02-13,,Pending
501796,110,Life,9113,2023-12-16,2026-10-16,Pending
501797,6975,Life,4648,2024-03-01,2026-08-20,
501798,2685,Medical,,2022-04-04,2026-08-05,Active
501799,6566,Life,2579,2024-10-09,2027-02-02,
501800,1392,,,2022-06-20,2028-05-20,Active
501801,5810,,9442,2024-06-17,2026-08-15,Active
501802,1385,,444,2022-10-28,2027-05-26,
501803,2439,,888,2023-01-09,2027-12-26,Lapsed
501804,6040,,4870,2022-09-07,2027-05-27,Lapsed
501805,5119,Motor,,2023-10-04,2027-12-19,Active
501806,5221,,878,2022-08-22,2028-06-27,Pending
501807,1454,Medical,,2024-01-09,2028-10-25,Lapsed
501808,4558,Motor,,2024-04-01,2026-08-13,
501809,3327,Travel,13268,2022-09-17,2027-01-31,Lapsed
501810,2845,Gadget,,2025-01-27,2027-10-27,Pending
501811,835,Travel,,,2027-04-09,Lapsed
501812,359,Medical,,2024-04-29,2029-02-15,
501813,4317,Gadget,,2022-09-15,2027-10-01,
501814,336,Medical,,2022-04-07,2027-04-10,Active
501815,853,,,2022-07-01,2028-05-11,
501816,5206,,,2022-09-28,2026-09-01,Pending
501817,4439,,,2024-06-11,2026-09-19,Lapsed
501818,4992,,,2024-10-21,2027-06-18,Active
501819,6857,Gadget,,2024-10-20,2027-06-21,
501820,882,Medical,,2024-03-01,2027-04-22,
501821,3054,Gadget,,2022-11-06,2026-03-30,Active
501822,2528,Motor,1738,2023-04-08,2028-02-05,
501823,5412,Life,11763,2024-09-29,2028-12-18,
501824,3311,Medical,,2023-09-13,2029-03-10,Pending
501825,6116,Travel,,2022-03-25,2029-02-02,Pending
501826,5381,Travel,5405,2023-12-05,2027-10-10,
501827,218,Medical,,2023-09-19,2028-09-03,Pending
501828,4,Motor,,2023-08-28,2029-01-20,Pending
501829,4632,Medical,,2023-08-30,2027-11-26,Lapsed
501830,4009,Gadget,13405,2023-01-30,2027-08-18,Pending
501831,4459,Life,4804,2022-06-05,2026-04-28,
501832,5902,Motor,,2023-03-25,2026-03-21,Active
501833,6875,,,2023-11-15,2027-01-30,
501834,1548,Life,,2023-02-04,2027-02-26,
501835,5714,Travel,,2024-01-21,2028-12-03,Pending
501836,2860,Life,1043,2022-06-23,2027-12-28,
501837,2185,,,2023-04-25,2027-05-30,
501838,5619,Life,,2023-12-24,2028-11-07,
501839,166,Medical,8715,2024-05-07,2027-05-30,Pending
501840,2637,,,2022-07-23,2028-12-12,Active
501841,2873,,,2022-12-01,2027-06-20,Active
501842,6319,,,2023-07-07,2028-03-15,Lapsed
501843,951,,,2024-08-17,2027-09-02,
501844,3288,,2027,2024-04-25,2026-07-25,
501845,898,,6924,2022-05-25,2029-01-16,
501846,5501,,,2023-08-10,2027-11-01,
501847,368,,,2024-07-17,2027-05-22,Active
501848,3942,Travel,,2023-06-14,2027-02-11,
501849,4334,Life,,2023-11-20,2028-05-03,
501850,339,Gadget,,2023-09-21,2027-02-27,
501851,3311,Life,,2024-09-28,2026-05-06,Lapsed
501852,2194,Medical,8889,2024-09-19,2026-10-09,
501853,66,Motor,,2023-05-04,2028-07-21,
501854,474,Motor,6845,2025-02-15,2028-01-11,Lapsed
501855,6329,,10067,2025-03-05,2029-01-11,
501856,5364,Motor,,2022-10-25,2026-10-23,Pending
501857,1088,Gadget,,2022-12-19,2027-02-27,Pending
501858,1752,Life,,2023-09-11,2026-10-31,Pending
501859,3568,,,2023-07-07,,Lapsed
501860,667,,,2024-12-29,2027-11-25,
501861,6647,,,2023-05-18,2028-08-17,Lapsed
501862,1333,Travel,,2022-06-07,2028-09-22,
501863,1467,Life,,2024-02-06,2029-01-16,
501864,5108,Motor,,2022-07-05,2028-01-22,Active
501865,4726,Motor,,2023-08-10,2027-05-21,
501866,3613,,,2022-12-21,2026-08-08,
501867,6010,Travel,,2024-11-14,2027-04-01,Lapsed
501868,2120,Life,,2023-10-28,2028-09-29,Pending
501869,6901,Motor,3328,2022-12-25,2026-03-22,Lapsed
501870,223,Travel,,2024-12-04,2028-04-17,Active
501871,1806,Medical,4222,2022-08-07,2028-02-22,Pending
501872,580,,,2024-07-01,2027-10-10,
501873,1565,Motor,,2022-04-13,,Lapsed
501874,2617,Medical,,2023-01-03,2027-09-23,Active
501875,2678,Life,8637,2022-10-17,2027-06-09,Lapsed
501876,5095,Gadget,,2023-06-17,2028-08-17,
501877,5665,,10662,2023-08-09,2027-10-10,
501878,2417,Life,,2024-03-23,2026-12-23,Lapsed
501879,6273,Gadget,,2022-10-25,2027-01-09,Lapsed
501880,3483,Travel,,2023-02-10,2028-06-14,
501881,5634,Gadget,,2024-02-09,2027-04-29,Lapsed
501882,4928,Travel,8585,2023-12-12,2027-09-25,Active
501883,3763,Motor,13134,2025-02-15,2029-02-21,Pending
501884,1662,Life,,2025-01-08,2026-12-02,Active
501885,5494,Travel,2451,2022-05-05,2027-02-22,
501886,4843,,2378,2023-12-24,2027-04-08,Active
501887,2998,Life,,2023-12-06,2026-05-03,Active
501888,74,Life,11599,2023-12-27,2026-05-26,
501889,2634,Travel,9402,2024-05-20,2028-11-10,
501890,1438,Travel,,2024-06-28,2029-01-28,Pending
501891,6273,Gadget,,2024-08-13,2028-08-07,Pending
501892,2527,Motor,13601,2024-04-18,2027-06-12,Lapsed
501893,5603,Motor,3998,2023-06-01,2028-07-17,
501894,2288,Medical,5863,2024-11-16,2028-06-28,
501895,3229,Gadget,,2024-02-09,2026-09-17,Pending
501896,6285,Gadget,,2022-03-22,2028-05-09,Lapsed
501897,4041,Life,,2022-04-11,2027-08-11,Active
501898,6443,Life,,2024-03-23,2027-01-05,Pending
501899,971,Travel,,2022-12-29,2029-02-28,
501900,3800,,11316,2022-07-09,2027-10-02,Pending
501901,4441,Medical,,2023-12-06,2028-01-31,
501902,3063,Life,5109,2025-01-03,2028-09-13,
501903,3770,Gadget,,2024-10-27,2027-12-16,Pending
501904,4941,Medical,,2025-01-31,2027-11-29,
501905,1422,Gadget,,2023-10-08,2027-12-16,
501906,41,Gadget,,2024-12-26,2027-09-10,Pending
501907,1462,Gadget,,2024-01-09,2028-09-25,Active
501908,774,Motor,,2022-04-17,2028-08-22,
501909,6702,Gadget,,2023-11-21,2028-01-12,
501910,205,Motor,11029,2023-09-22,2028-12-31,
501911,897,Life,10412,2024-07-17,2026-07-03,
501912,3580,Gadget,10958,2024-06-07,2028-11-26,Pending
501913,797,,4679,2024-01-09,2026-04-27,Active
501914,1742,Travel,8090,2023-06-27,2028-06-28,
501915,2939,,,2022-09-09,2026-08-09,Lapsed
501916,410,Travel,,2023-10-28,2026-10-05,
501917,4951,,,2024-02-06,2028-10-06,Pending
501918,6972,Motor,1420,2023-12-19,2026-03-27,
501919,6030,,8674,2024-01-19,2026-11-24,Active
501920,610,Motor,6720,2022-09-07,2028-05-21,Active
501921,6423,Medical,,2024-12-20,2029-02-22,
501922,2750,Gadget,9201,2024-09-24,2028-01-05,Lapsed
501923,5898,Gadget,5879,2023-04-27,2026-11-26,Lapsed
501924,2052,,,2023-05-27,2029-02-24,
501925,4135,Gadget,737,2022-07-27,2028-03-07,Pending
501926,2673,Gadget,,2023-08-13,2027-05-21,
501927,5578,Medical,,2023-07-31,2027-11-26,
501928,4952,Life,2193,2024-03-22,2027-12-03,Pending
501929,4642,Motor,,2025-02-26,2028-09-18,Active
501930,5336,Motor,7580,2022-11-17,2028-06-11,Active
501931,120,Travel,11537,2024-01-11,2028-09-21,Active
501932,281,,,2023-10-05,2027-06-01,Pending
501933,2319,,,2022-09-01,2029-03-10,Pending
501934,1153,Gadget,,2024-08-01,2028-02-25,
501935,5994,Motor,11424,2024-06-02,2027-01-09,Active
501936,4472,Travel,,2025-01-29,2028-03-11,
501937,2953,,,2022-12-17,2026-05-01,Pending
501938,4411,Medical,,2022-09-23,2026-11-30,Lapsed
501939,2190,Travel,,2023-01-04,2026-06-25,
501940,1129,,3784,2022-04-18,2027-01-10,Active
501941,5110,Gadget,,2022-07-25,2027-01-15,
501942,799,Travel,3865,2023-05-19,2026-07-02,
501943,4824,Gadget,,2023-11-28,2027-08-20,Active
501944,504,Medical,2104,2024-04-30,2026-11-19,
501945,4149,Medical,12071,2022-09-03,2029-01-04,Pending
501946,5055,Medical,3182,2023-07-21,2026-08-28,Lapsed
501947,4340,,,2022-10-12,2028-02-10,Active
501948,2442,Travel,14642,2022-05-21,2028-08-01,
501949,4714,Gadget,,2022-06-26,2027-09-19,
501950,1195,Motor,,2024-10-27,2027-03-25,
501951,3218,Gadget,,2024-01-28,2026-10-14,
501952,1339,Travel,3785,2022-07-10,2026-10-12,
501953,1356,Medical,,2024-09-02,2026-11-03,Pending
501954,4963,Life,8771,2022-11-03,2027-02-03,Active
501955,4460,Motor,14994,2024-07-11,2028-01-03,Pending
501956,6902,,,2023-09-15,2028-05-31,
501957,6423,Gadget,,2025-01-12,2026-09-24,Lapsed
501958,86,,,2022-05-07,2028-09-25,Active
501959,2507,,,2023-01-25,2027-08-20,Lapsed
501960,1838,Gadget,,2024-03-20,2028-01-27,
501961,1201,Life,10177,2023-09-05,2027-11-21,Active
501962,6807,,13870,2022-11-11,2026-12-26,Lapsed
501963,2444,Medical,12179,2023-06-15,2027-04-06,Lapsed
501964,6941,Life,,2024-10-01,2029-02-15,
501965,6361,Medical,12003,2024-10-12,2028-11-08,Active
501966,2648,,,2023-01-04,2028-09-19,Lapsed
501967,4667,,,2023-03-05,2028-09-10,Active
501968,3381,,,2025-01-30,2027-07-11,
501969,3396,,,2024-07-16,2028-11-01,Active
501970,4453,Gadget,3475,2023-09-24,2027-01-26,Lapsed
501971,1727,,,2023-10-18,2029-01-25,Lapsed
501972,1565,Medical,,2022-08-22,2028-07-02,
501973,6147,Motor,,2022-06-30,2026-06-21,Pending
501974,1887,Travel,,2024-04-24,2028-06-05,
501975,89,Travel,6052,2022-08-04,2027-09-28,
501976,5487,Medical,,2023-09-07,2029-02-24,Lapsed
501977,3493,Gadget,14562,2022-04-10,2027-01-12,Active
501978,6207,Gadget,10063,2023-11-17,2027-02-19,Pending
501979,2327,,,2024-12-05,2027-11-14,
501980,4855,,,2022-05-06,2027-01-03,
501981,433,Medical,9173,2024-02-04,2027-06-19,Pending
501982,1110,,,2023-10-29,2027-04-26,
501983,5853,Life,6989,2024-05-23,2027-06-17,Lapsed
501984,6116,Life,5212,2024-09-01,,
501985,3955,Life,3166,2023-10-07,2027-11-20,Pending
501986,6221,Gadget,3354,2024-01-09,2026-11-18,
501987,5763,Medical,,2023-12-15,2027-02-27,Active
501988,1646,,,2022-11-17,2027-08-09,Pending
501989,2454,Medical,,2022-11-06,2028-03-16,
501990,4465,Gadget,,2023-01-23,2026-10-04,
501991,6389,Medical,7611,2025-02-19,2027-01-01,Lapsed
501992,2442,Motor,,2024-05-03,2028-09-16,Pending
501993,5240,Life,,2024-05-03,2027-01-20,Active
501994,6921,,,2024-03-09,2027-10-18,
501995,824,Medical,,2022-03-27,2028-08-25,Active
501996,1975,Gadget,,2022-04-16,2028-08-03,Pending
501997,2963,Medical,,2023-08-16,2026-05-19,Pending
501998,5960,,,2024-07-19,2027-03-11,Active
501999,4129,,,2022-05-10,2026-06-23,
502000,803,Gadget,,2024-12-29,2027-02-27,Lapsed
502001,379,Medical,,2022-03-26,2026-08-05,
502002,3103,Travel,,2023-06-16,2027-03-16,
502003,5587,Motor,7943,2022-05-01,2026-11-05,
502004,1458,Travel,,2022-07-06,2028-02-07,Pending
502005,1143,Medical,3196,2024-05-25,2028-07-27,Lapsed
502006,3886,,14910,2024-11-12,2026-09-06,
502007,5198,,9486,,2028-05-17,Active
502008,4874,,,2023-04-29,2028-04-16,
502009,4419,Gadget,,2025-03-07,2026-10-22,Lapsed
502010,2210,Medical,7535,2022-10-10,2027-07-30,Lapsed
502011,5084,Gadget,3108,2022-06-13,2029-02-06,Lapsed
502012,1831,,3866,2024-08-07,2027-12-27,Pending
502013,4314,Life,,2025-02-24,2027-12-31,Pending
502014,3780,Life,,2022-10-08,2026-04-16,Active
502015,2970,Medical,,2022-04-07,2028-08-27,Active
502016,2883,Life,,2024-07-02,2026-03-21,Pending
502017,2138,Medical,,2022-10-12,2027-08-28,
502018,4985,,,2022-10-21,2026-08-09,
502019,130,Life,,2024-01-06,2028-01-27,
502020,4108,,,2024-11-12,2028-01-30,Lapsed
502021,4923,Motor,5949,2023-04-04,2028-10-07,Active
502022,1405,Travel,,2024-02-20,2028-12-05,
502023,32,Life,,2022-08-09,2028-09-12,
502024,2099,Motor,,2024-02-21,2028-09-28,Lapsed
502025,380,Travel,9885,2024-09-28,2026-11-04,Lapsed
502026,3430,Gadget,9830,2024-05-11,2026-07-08,Active
502027,267,Travel,,,2027-02-23,
502028,1824,,11917,2024-06-11,2027-09-05,
502029,5568,Travel,,2024-03-28,2027-01-06,
502030,6061,Motor,,2024-09-15,2027-04-21,Active
502031,1487,Medical,,2025-03-08,2026-07-02,Active
502032,54,,,2023-04-15,2027-11-26,Pending
502033,518,,,2024-11-16,2028-07-04,
502034,1818,Motor,,2023-10-09,2028-05-14,Pending
502035,6152,,,2022-08-06,2028-12-04,
502036,1318,Travel,,2024-04-12,2027-01-04,Lapsed
502037,2696,Travel,,2024-07-18,2028-09-30,Active
502038,3601,Motor,1382,2024-09-16,2028-05-11,
502039,1363,Life,,2023-07-21,2026-12-03,Pending
502040,2429,Travel,,2025-02-27,2026-05-19,Lapsed
502041,1449,,,2025-02-09,2026-04-15,
502042,6001,Travel,,2024-08-01,2028-03-20,
502043,3893,,13002,2023-04-18,2027-11-06,
502044,622,Gadget,12357,2023-02-24,2027-03-15,Active
502045,4985,,12052,2022-04-22,2026-08-23,Active
502046,2656,Medical,,2022-10-25,2027-09-21,Pending
502047,1248,,,2025-02-20,2026-10-06,Pending
502048,6598,Motor,10150,2024-04-25,2026-11-19,
502049,2801,Travel,8879,2023-07-27,2028-05-10,Lapsed
502050,6462,Life,,2023-02-10,2027-10-19,
502051,1333,Life,,2024-03-28,2026-11-05,
502052,5051,Gadget,,2023-10-04,2027-12-30,Pending
502053,5469,,,,2027-11-30,
502054,5733,Life,,2022-10-11,2029-02-25,
502055,5874,Motor,10131,2023-11-12,2027-10-27,Active
502056,894,Life,,2024-09-23,2028-04-18,
502057,6495,Gadget,,2024-11-24,2027-02-28,Lapsed
502058,6807,,,2024-06-04,2027-05-24,
502059,2034,,,2022-11-12,2028-03-17,Lapsed
502060,5795,,7926,2023-07-04,2029-02-15,Lapsed
502061,1294,Gadget,12874,2024-01-29,2028-09-09,
502062,1601,Life,,2023-12-25,2027-11-14,
502063,5489,,12807,2022-09-16,2026-06-09,Pending
502064,993,,,2024-04-23,2026-04-02,
502065,6193,Travel,,2024-10-02,2027-11-11,Active
502066,5796,Life,12805,2023-11-21,2027-09-26,
502067,641,Gadget,3905,2023-04-17,2027-06-24,
502068,5972,Travel,,2023-09-09,2026-10-18,Active
502069,6678,Gadget,,2025-01-03,2028-11-15,
502070,5027,,,2023-05-28,2026-11-15,
502071,3075,Travel,,2024-09-22,2027-06-25,
502072,5516,Life,,2023-10-21,2026-12-04,Lapsed
502073,2795,,,2024-11-25,2026-09-23,
502074,6565,Medical,7919,2024-05-01,2028-09-24,Active
502075,6989,Motor,4416,2023-04-28,2026-12-16,
502076,5890,,,2022-11-05,2027-01-06,
502077,6014,Travel,3501,2024-05-12,2027-02-24,Lapsed
502078,3412,,,2022-07-20,2028-05-19,Pending
502079,1729,Gadget,5407,2022-11-22,2027-11-01,
502080,3514,Gadget,,2022-09-14,2026-07-09,Pending
502081,316,Medical,,2024-09-23,2027-10-10,Lapsed
502082,5161,Gadget,,2023-04-14,2027-05-16,Lapsed
502083,1240,Gadget,,2022-06-27,2026-07-18,Pending
502084,4340,Gadget,,2024-02-05,2026-11-17,Lapsed
502085,4570,,12480,2024-09-26,2026-12-08,Pending
502086,1803,Travel,,2024-11-12,,Lapsed
502087,6324,Travel,7034,2024-05-25,2028-12-07,Pending
502088,2228,,9048,2023-08-28,2027-03-08,Pending
502089,2923,Motor,,2024-03-10,2027-03-18,
502090,5438,,,2023-12-15,2028-04-18,Lapsed
502091,6847,Medical,1837,2023-03-07,2029-03-02,
502092,2118,Life,,2025-01-25,2028-10-17,
502093,552,,,2022-11-14,2026-09-08,Pending
502094,3698,Medical,4855,2022-07-19,2027-10-19,
502095,1478,Motor,,2023-05-21,2026-12-27,Pending
502096,4241,Travel,6174,2023-11-21,2028-08-05,Lapsed
502097,1687,Travel,,2022-05-26,2028-06-10,Pending
502098,6970,,4073,2022-12-23,2027-06-04,Active
502099,3807,Medical,,2022-05-11,2027-08-13,Lapsed
502100,4176,Life,,2022-11-13,2027-12-24,
502101,1587,Travel,,2023-03-22,2028-12-03,Active
502102,6969,,7149,2025-02-13,2029-02-10,Pending
502103,2646,,,2022-05-16,2028-10-07,Pending
502104,1680,,740,2022-12-07,2028-07-01,
502105,4269,Travel,,2022-12-25,2028-06-19,Pending
502106,4285,Medical,540,2025-01-06,2027-03-16,
502107,2828,,,2024-03-23,2027-12-05,Active
502108,6,Medical,1593,2022-08-06,2027-06-13,
502109,3972,Life,,2024-11-05,2026-12-27,
502110,4710,Life,,,2027-12-10,Lapsed
502111,3962,Medical,1574,2023-01-28,2027-07-18,
502112,5880,Life,,2022-10-15,2028-12-13,Lapsed
502113,3274,Motor,,2023-12-12,2027-11-10,
502114,3816,,4636,2023-10-09,2026-06-22,Active
502115,6307,Medical,,2024-09-16,2027-11-29,Active
502116,1071,Gadget,,2024-11-18,2028-09-12,Pending
502117,2645,Life,,2025-03-03,2027-09-16,Lapsed
502118,117,Medical,3785,2023-04-05,2028-03-13,Pending
502119,3347,Gadget,,2024-03-28,2028-02-20,Pending
502120,2331,Motor,,2024-08-31,2027-10-03,
502121,139,Motor,,2025-01-11,2029-01-20,Lapsed
502122,326,Travel,,2022-12-04,2028-08-08,Lapsed
502123,553,,,2023-03-10,,Pending
502124,4779,,,2022-07-26,2026-10-29,Pending
502125,6172,,6099,2024-02-09,2027-07-19,Pending
502126,575,Gadget,,2024-04-04,2028-01-03,
502127,5955,Gadget,,2022-07-23,2029-01-18,
502128,6633,,,2024-11-03,2027-06-20,
502129,1453,Gadget,,2022-10-30,2028-11-06,Active
502130,3352,Motor,,2023-10-28,2027-05-15,Lapsed
502131,3429,,,2023-12-08,2027-05-10,Lapsed
502132,4813,,,2023-01-01,2028-08-16,Active
502133,448,,2205,2024-02-08,2027-07-19,Pending
502134,3407,Travel,,2023-02-15,,Lapsed
502135,457,Motor,,2024-04-28,2027-02-06,Lapsed
502136,3367,,,2024-07-20,2027-01-20,Pending
502137,6115,Medical,,2025-01-19,2026-10-01,Lapsed
502138,3194,Gadget,,2024-09-28,2028-11-28,
502139,1581,Gadget,9428,2022-09-23,2028-06-29,Active
502140,3901,Travel,10854,2023-11-11,2027-11-06,
502141,2514,Travel,,2024-11-21,2028-11-22,
502142,5291,Gadget,,2022-11-23,2028-02-25,Lapsed
502143,4096,Motor,8126,2024-02-07,2028-03-19,
502144,5621,,11101,2022-09-30,2028-09-29,
502145,1731,,12148,2024-10-29,2027-05-29,
502146,1884,Travel,,2023-11-03,2028-07-15,Lapsed
502147,1450,Gadget,,2023-09-29,2026-04-26,Pending
502148,1833,Medical,,2023-06-18,2026-12-03,Pending
502149,6703,Travel,2751,2024-10-04,2028-03-24,Lapsed
502150,939,Life,,2025-02-26,2027-05-21,
502151,122,,5963,2023-07-28,2028-01-23,Active
502152,4759,Medical,2944,2024-03-02,2028-10-21,
502153,5194,,,2023-08-13,2026-09-18,
502154,6522,Gadget,,2024-08-08,2028-08-29,Active
502155,2406,Travel,12903,2022-05-01,2026-06-02,
502156,3769,,,2023-07-30,2028-12-19,
502157,1101,Travel,,2024-10-21,2027-01-29,
502158,2831,Motor,,2024-01-07,2027-03-27,
502159,6044,,,2022-06-05,,Lapsed
502160,1549,Gadget,13661,2024-02-27,2028-02-19,
502161,5411,,14750,2022-04-27,2027-11-20,Pending
502162,6274,Life,5440,2022-08-10,2028-08-22,Pending
502163,3133,,,2022-12-18,2027-09-28,Lapsed
502164,6569,Gadget,,2022-06-15,2028-06-29,
502165,6752,,,2025-02-24,2028-09-09,Lapsed
502166,478,,,2022-07-24,2028-08-14,Lapsed
502167,6742,Travel,6218,2023-06-28,,Pending
502168,5636,Travel,,2022-11-03,2026-06-04,
502169,5045,Life,,2022-07-06,2027-12-15,
502170,2670,Medical,12746,2024-08-04,2026-12-12,
502171,2520,Gadget,,2023-03-05,2027-07-17,Lapsed
502172,1038,Gadget,13164,2023-09-28,2028-12-17,
502173,4753,Gadget,,2024-04-02,2028-09-02,Active
502174,744,Motor,,2023-07-06,2028-09-01,Pending
502175,5161,,12599,2022-04-20,2026-11-17,Active
502176,830,,7755,2025-03-02,2026-08-05,Active
502177,4916,Life,,2024-10-30,2026-06-28,Active
502178,4379,,,2024-07-23,2027-09-20,
502179,6485,Medical,,2022-11-01,2028-10-15,
502180,40,Gadget,,2024-06-13,2028-04-22,
502181,35,,,2023-10-03,2028-04-20,Lapsed
502182,95,Medical,,2025-01-25,2027-02-20,Lapsed
502183,3771,Medical,1394,2023-03-16,2026-09-07,Lapsed
502184,4065,Medical,,2024-09-02,2029-02-11,Active
502185,5809,Travel,13315,2024-07-01,2027-08-23,Pending
502186,4107,,,2023-04-28,2028-10-12,Pending
502187,2811,,,2024-08-24,,Pending
502188,250,Gadget,13400,2024-01-19,2027-03-27,
502189,6736,,,2022-05-21,2026-12-13,
502190,866,Gadget,,2024-11-09,2026-12-03,Pending
502191,381,,,2022-11-20,2027-01-09,Pending
502192,3881,Gadget,,2022-12-29,2027-07-30,
502193,3744,Life,,2025-01-12,2027-04-24,Lapsed
502194,5141,Motor,,2024-02-26,2029-02-14,
502195,4957,Motor,,2022-09-02,2028-02-15,
502196,5963,,10710,2023-08-13,2028-10-12,
502197,6969,,14834,2022-10-25,2029-02-02,Active
502198,5368,Motor,12890,2023-03-11,2026-09-30,
502199,5112,Motor,,2023-10-19,2028-02-21,Active
502200,2949,Travel,,2025-02-08,2028-02-24,Lapsed
502201,6556,Life,,2022-05-06,2028-06-02,
502202,6623,Life,,2024-12-18,2026-12-31,
502203,4722,Travel,,2022-08-10,2026-09-13,Lapsed
502204,4555,Gadget,,2024-08-23,2027-06-11,Pending
502205,251,Travel,5166,2022-06-26,2028-09-03,Pending
502206,6477,Motor,,2022-03-26,2028-06-07,Lapsed
502207,6507,,,2023-02-02,2026-04-26,
502208,1862,,,2023-08-14,2026-06-20,Active
502209,2971,Life,,2023-06-12,2027-08-31,
502210,3765,,12750,2024-11-29,2026-12-10,
502211,4656,,2016,2024-03-03,2027-10-26,
502212,1491,Travel,,2023-08-01,2027-02-11,Active
502213,6606,,,2023-05-25,2027-07-27,
502214,58,Motor,7894,2024-04-29,2026-08-24,Pending
502215,5257,Motor,4778,2023-06-19,,
502216,2349,Medical,,2023-04-22,2028-12-25,Pending
502217,3228,Gadget,,2025-02-16,2029-02-27,Pending
502218,4252,,,2022-12-03,2026-06-15,Active
502219,6318,Gadget,10119,2024-09-03,2028-05-30,
502220,6426,Gadget,,2024-07-27,2028-07-12,Pending
502221,2811,,,2022-08-03,2026-05-08,Lapsed
502222,195,,,2025-01-19,2026-04-13,
502223,3025,Life,,2023-05-04,2027-08-09,Lapsed
502224,5862,,,2024-07-26,2028-08-29,Pending
502225,930,Life,,2022-08-16,2028-03-29,Pending
502226,4652,Life,,2025-03-17,2028-02-09,Active
502227,3404,Life,9334,2022-09-13,2027-10-28,Lapsed
502228,1753,Motor,,2023-04-23,2028-12-22,
502229,3349,Gadget,11768,2023-10-15,,
502230,1426,,,2024-10-23,2028-07-16,
502231,4132,,,2022-11-09,2027-11-08,
502232,2630,Life,12608,2023-01-22,2026-08-21,Pending
502233,468,Gadget,1652,2025-02-23,2029-02-04,Lapsed
502234,4789,Motor,637,2023-02-03,2027-02-05,Active
502235,4863,Life,3266,2025-03-16,2028-12-04,Active
502236,6292,Medical,,2024-06-05,2027-01-17,
502237,3552,Travel,,2022-05-14,2029-01-02,
502238,5343,Life,,2022-06-04,2028-01-09,Pending
502239,1492,Life,,2022-04-21,2026-05-26,Pending
502240,3699,Medical,,,2028-10-18,
502241,127,,,2024-09-06,2028-12-19,Lapsed
502242,4089,Motor,,2023-06-09,2028-07-22,
502243,5726,Travel,,2024-11-22,2026-10-28,
502244,5379,,,2023-09-25,2028-06-17,
502245,2772,Motor,,2024-05-12,2029-03-05,Pending
502246,4616,,6518,2022-06-03,2028-09-18,Active
502247,4352,,7593,2023-05-22,2028-11-02,Lapsed
502248,816,Medical,,2022-09-19,2029-02-02,
502249,4503,,,2022-11-26,2027-11-24,Active
502250,1537,Life,5388,2022-09-08,2028-08-24,
502251,2,,,2024-04-02,2027-10-23,Active
502252,3658,Travel,,2024-01-17,2026-04-18,Lapsed
502253,4389,Motor,,2022-12-28,2028-03-11,Lapsed
502254,2810,Life,8370,2022-05-01,2028-10-08,Lapsed
502255,3166,Gadget,,2023-08-08,2026-05-29,Pending
502256,2099,,,2024-07-24,2027-03-09,Lapsed
502257,3244,Medical,,2023-11-29,2027-05-19,
502258,4256,Motor,14472,2024-02-06,2026-10-03,
502259,2232,Gadget,,2023-03-09,2027-11-04,
502260,1842,,,2022-12-06,2029-01-09,
502261,1216,Motor,,2025-03-14,2027-07-16,Pending
502262,5278,Motor,,2024-07-16,2027-12-28,Pending
502263,4262,,1675,2022-04-25,2026-12-03,
502264,1662,,,2024-11-18,2026-06-02,Lapsed
502265,4942,Gadget,,2022-06-19,2027-02-27,Pending
502266,899,Medical,,2022-10-03,2028-03-19,
502267,5529,Medical,,2022-08-03,2028-08-13,
502268,2093,Gadget,,2024-06-28,,
502269,3262,Medical,,2024-08-07,2028-07-02,
502270,2183,Travel,,2023-03-16,2028-07-08,Lapsed
502271,3921,Travel,10896,2022-11-14,2026-05-10,Lapsed
502272,2025,Life,,2025-02-25,2028-01-08,
502273,5275,Gadget,11815,2025-03-05,2026-07-24,Active
502274,1766,,,2023-06-11,2027-08-04,Active
502275,2071,Travel,,2022-10-29,2028-12-12,
502276,3232,Motor,,,2029-02-08,Lapsed
502277,4610,,13761,2022-07-09,2028-01-18,Active
502278,5323,,,2023-06-03,2028-04-14,Lapsed
502279,2722,Medical,,2023-09-22,2029-03-18,
502280,5044,,3272,2025-02-12,2027-09-10,Pending
502281,3261,,,2022-11-16,2028-06-30,
502282,2044,,,2023-07-22,2028-11-19,Lapsed
502283,1135,Travel,,2024-09-07,2027-03-11,
502284,3454,Travel,,2024-06-01,2028-10-09,Active
502285,6946,,,2022-05-17,2028-09-25,
502286,1799,Gadget,3468,2024-11-04,2026-10-26,Lapsed
502287,266,,,2025-02-16,2026-05-17,
502288,473,Motor,,2023-05-06,2026-07-04,
502289,4738,,,,2028-12-25,
502290,1950,,,,2028-08-24,
502291,1105,Travel,,2022-09-15,2028-06-24,
502292,5277,Motor,,2023-12-08,2026-04-11,
502293,6354,Medical,,2022-09-13,2027-06-16,Lapsed
502294,316,,3205,2023-01-30,2029-03-10,Active
502295,2065,Medical,,2024-04-18,2027-02-03,Active
502296,184,Medical,,2024-11-21,2028-11-14,Active
502297,6639,,,2023-11-18,2027-01-11,
502298,2646,,,2023-07-26,2027-04-02,
502299,5043,,8777,2024-03-03,2026-08-21,
502300,3993,Life,,2023-11-09,2026-08-15,Lapsed
502301,4880,Gadget,8580,2023-12-07,2027-03-03,Pending
502302,153,Medical,12152,2022-05-25,2028-02-27,Lapsed
502303,1295,Life,,2022-06-09,2027-03-23,Active
502304,1637,Life,3110,2023-11-20,2028-07-17,Active
502305,6223,Gadget,731,2023-11-09,2027-03-23,Pending
502306,3513,Medical,,2023-06-29,2027-05-31,
502307,1807,Gadget,,2023-07-16,2027-02-21,Active
502308,1208,,,2024-07-26,,Lapsed
502309,6738,,6415,2024-09-10,2028-09-27,
502310,1573,Gadget,,2022-11-11,2028-06-30,Pending
502311,5760,,,2022-12-28,2028-09-19,
502312,6209,Travel,,2024-04-18,2027-06-24,Pending
502313,3361,,,2024-09-21,2027-03-21,Pending
502314,2179,Gadget,8661,2024-06-08,2028-08-01,Lapsed
502315,1329,Life,6453,2025-03-14,2028-06-30,Active
502316,6038,Medical,,2022-08-06,,
502317,694,Gadget,6208,2022-09-09,2028-05-08,Active
502318,6293,Life,12700,2023-09-08,2027-05-16,
502319,2158,Medical,,2023-12-01,2026-09-21,Active
502320,105,Motor,,2023-05-04,2028-07-18,
502321,3099,,,2022-08-11,2027-07-19,
502322,2436,Life,551,2023-09-29,2027-05-20,
502323,6259,,3230,2025-02-16,2029-03-02,Pending
502324,5347,,2683,2022-12-30,2028-06-04,Active
502325,2177,Motor,,2023-04-24,2026-05-25,Lapsed
502326,6916,,,2023-09-24,2026-09-23,Lapsed
502327,2487,,3283,2023-11-17,2026-05-06,
502328,5656,,,2024-09-21,2026-08-06,
502329,1134,,4720,2023-03-05,2028-09-02,
502330,2717,Motor,13181,2024-07-25,2026-12-18,Active
502331,3606,Travel,,2023-08-15,2028-06-21,
502332,3223,Motor,,,2027-12-12,Pending
502333,6357,Life,,2024-06-16,2026-07-28,Active
502334,6990,,,2023-12-27,2026-06-25,
502335,2568,Gadget,,2023-11-08,2028-02-25,
502336,1850,,,2023-05-09,2028-05-02,Active
502337,3152,Medical,,2023-07-13,2028-03-22,Pending
502338,4579,,,2022-10-02,2028-05-01,
502339,3160,Travel,,2022-06-12,2027-12-21,Pending
502340,2619,Medical,10154,2022-09-28,2028-12-11,Lapsed
502341,3162,Life,,2023-03-03,2028-12-27,Active
502342,5629,Gadget,,2024-11-29,2028-07-12,
502343,6246,Motor,,2023-05-16,2027-10-08,Lapsed
502344,6362,,,2022-06-01,2028-10-11,Pending
502345,1280,Motor,,2022-10-29,2027-06-16,Pending
502346,6810,,,2023-02-08,2027-12-30,
502347,5278,,14167,2023-08-03,2029-02-05,Lapsed
502348,194,,11810,2023-03-21,2028-07-25,Pending
502349,380,Life,,2023-04-07,2029-01-18,
502350,4331,Life,8658,2023-07-03,2027-10-02,
502351,6197,,11663,2022-06-05,2027-09-25,
502352,6857,Medical,10802,2023-02-03,2026-10-15,Lapsed
502353,679,,,2024-12-13,2027-01-27,
502354,620,Medical,5050,2023-08-29,2028-10-01,Active
502355,2955,,,2023-03-13,2028-02-29,
502356,6095,,,2023-05-03,2027-02-05,
502357,2700,,,2025-03-16,2027-09-01,Pending
502358,1664,Medical,,2024-11-09,2027-06-17,Active
502359,3555,,,2024-02-24,2027-01-18,Pending
502360,6322,Motor,,2025-03-16,2028-12-22,Lapsed
502361,2104,Life,822,2024-05-02,2026-11-09,Lapsed
502362,424,Travel,,2024-06-08,2027-08-19,Lapsed
502363,1903,Motor,7321,2023-04-26,2027-02-13,
502364,3984,Travel,,2023-11-28,2028-08-07,Pending
502365,4273,Medical,6205,2025-02-03,2028-02-17,Lapsed
502366,3360,Medical,,2024-11-13,2028-07-18,Lapsed
502367,6738,Life,,2023-09-05,2028-03-01,Lapsed
502368,3445,Gadget,,2024-05-11,2029-01-10,Pending
502369,2477,Gadget,,2022-09-05,2028-06-16,Lapsed
502370,213,,300,2024-05-11,2027-01-05,Active
502371,3536,,5471,2025-01-28,2026-05-25,Pending
502372,3399,,,2024-11-13,2027-06-08,Lapsed
502373,2949,Medical,,2024-10-06,2028-04-26,Pending
502374,2432,Gadget,,2023-06-21,2028-08-27,
502375,172,Gadget,11246,2024-04-01,2026-10-14,Active
502376,6313,,2061,2023-09-27,2028-10-03,Pending
502377,1633,Medical,,2024-08-09,2027-06-01,Active
502378,6879,,12349,2023-06-21,2026-10-06,
502379,341,Life,,2024-12-24,2026-07-19,Lapsed
502380,5315,Motor,,2023-08-29,2026-08-19,
502381,5066,,,2022-06-09,2026-12-31,
502382,4246,,,2022-06-22,2027-02-06,
502383,4497,,,2023-11-01,2029-03-06,Pending
502384,1625,Gadget,,2022-04-13,2028-10-23,Active
502385,4969,Travel,4641,2024-08-28,2027-04-19,Lapsed
502386,6108,Gadget,,2023-06-06,2026-11-13,Pending
502387,690,Motor,4551,2023-04-15,2028-06-10,Lapsed
502388,1748,Motor,9127,2022-11-18,2027-11-30,Active
502389,6110,Motor,,2023-01-31,2028-10-14,
502390,4255,,7480,2023-02-07,2028-05-27,
502391,4042,Motor,,2023-07-11,2028-06-16,Lapsed
502392,2099,Travel,629,2023-09-14,2028-11-06,Pending
502393,1784,Life,9345,2024-09-29,2027-04-24,
502394,3873,,,2023-09-24,2028-11-13,Lapsed
502395,2921,Motor,,2023-07-30,2028-06-14,Pending
502396,20,Motor,,2022-07-01,2028-05-10,Lapsed
502397,6320,,,2024-07-08,2026-10-02,
502398,974,Travel,1812,2024-03-30,2027-11-07,Pending
502399,2940,Gadget,,2022-11-07,2026-07-17,Pending
502400,72,Gadget,12612,2023-07-05,2028-07-03,Pending
502401,2790,Travel,,2024-06-02,2028-04-19,Active
502402,2012,Gadget,4703,2024-05-04,2026-06-16,Lapsed
502403,2378,Medical,,2023-01-19,2027-12-28,Active
502404,3705,Life,,2025-01-10,2028-06-07,Lapsed
502405,1000,,,2023-05-15,2026-08-21,
502406,1678,Gadget,,2024-11-12,2026-09-03,Lapsed
502407,62,Travel,,2024-01-22,2029-03-07,
502408,6323,Medical,10837,2025-01-22,2029-02-27,
502409,5838,Life,14041,2024-07-27,2027-03-27,Pending
502410,5830,,,2023-01-04,2028-04-15,Pending
502411,3170,Motor,,2024-02-09,2026-06-11,
502412,127,,,2023-06-15,2028-10-31,Active
502413,3665,Gadget,,2022-04-20,2026-04-15,Pending
502414,6653,,,2022-11-06,2027-11-12,Lapsed
502415,1884,Life,,2022-10-17,,Pending
502416,5926,Life,3199,2022-12-03,2026-06-21,Pending
502417,5263,,9671,2023-12-03,2027-03-23,Lapsed
502418,3620,Motor,,2022-09-07,2028-10-18,Pending
502419,2788,Life,10308,2023-10-22,2027-05-11,Lapsed
502420,4105,,7738,2024-02-12,2027-10-19,Pending
502421,2796,Gadget,,2024-05-30,2027-04-28,
502422,2787,,,2023-10-24,2027-08-09,Lapsed
502423,5435,Medical,,2023-02-02,,Pending
502424,1261,Gadget,5275,2025-02-12,2028-11-27,Active
502425,5942,,13647,2024-07-02,2028-04-21,
502426,145,Travel,,2024-03-22,2028-09-12,
502427,6738,Life,,2024-11-05,2028-07-09,Active
502428,6137,Motor,10412,2023-12-24,2029-02-03,
502429,5104,,,2023-05-01,2028-12-16,Lapsed
502430,5716,,7967,2023-07-08,2026-04-02,
502431,4090,Travel,,2022-11-04,2026-04-28,
502432,1549,Life,7149,2024-02-01,2028-01-24,Pending
502433,1995,Life,10704,2025-01-12,2028-02-16,
502434,627,Medical,,2023-07-28,2028-05-31,Pending
502435,5419,Motor,1396,2023-08-03,2028-02-21,Pending
502436,4065,Gadget,,2024-10-23,2027-07-29,Lapsed
502437,476,Life,,2024-11-24,2026-09-01,Lapsed
502438,2312,Travel,12260,2024-05-25,2026-10-01,
502439,6891,,9497,2023-03-28,2029-02-06,
502440,404,Motor,4552,2024-07-02,2027-01-23,
502441,4219,Gadget,,2022-05-06,2028-08-31,Lapsed
502442,5330,,,2023-08-23,2026-04-14,Lapsed
502443,4295,Travel,,2023-05-15,2028-06-21,Active
502444,3389,,,2023-11-02,2028-11-23,Pending
502445,556,Motor,,2024-07-18,2027-03-03,Pending
502446,5601,Medical,,2023-04-08,2026-09-08,Pending
502447,1203,Travel,6408,2022-05-03,2027-02-23,Active
502448,3514,Motor,,2022-05-29,2026-07-20,Pending
502449,3968,Gadget,,2023-07-08,2028-10-04,
502450,1141,Life,,2024-03-14,2027-01-31,Pending
502451,2807,,12360,2024-03-12,2027-12-06,Lapsed
502452,1438,Motor,4350,2023-03-01,2029-01-29,Active
502453,1891,Travel,2777,2024-12-26,2027-03-14,
502454,3565,Gadget,,2022-05-06,2027-01-07,Lapsed
502455,613,,12840,2022-08-03,2026-11-08,Active
502456,3806,Life,10579,2022-10-19,2028-08-21,Pending
502457,4498,Gadget,2445,2024-09-25,2027-06-24,Pending
502458,6524,Life,8783,2024-08-21,2028-09-08,
502459,281,Medical,,2024-05-25,2028-08-01,Pending
502460,5735,Medical,,2025-03-08,2027-04-29,Pending
502461,162,,,2023-11-26,2026-04-25,Pending
502462,44,Gadget,,2023-03-11,2027-10-11,Pending
502463,6390,Life,,2024-08-24,2027-01-03,
502464,4007,,,2024-02-27,2026-07-13,
502465,5599,,,2024-11-03,2028-03-27,Pending
502466,2524,Life,,2023-09-18,2028-04-14,
502467,1626,Motor,,2023-09-25,2027-01-31,
502468,3243,Motor,217,2023-08-11,,Lapsed
502469,1940,,5986,2025-03-04,2028-12-11,
502470,5448,Medical,,2024-09-22,2026-09-08,
502471,1794,Medical,,2023-08-03,2026-06-13,
502472,6258,Life,,2023-04-21,2028-06-21,
502473,2546,Life,,2023-11-25,2027-08-05,
502474,1826,Travel,,2024-08-27,2028-10-23,Lapsed
502475,823,,,2024-01-20,2028-03-24,
502476,469,Motor,,2022-05-19,2027-08-11,Pending
502477,1992,Life,,2024-10-04,2028-07-23,
502478,2263,Life,14260,2024-10-21,2028-09-16,Pending
502479,2667,Medical,,2023-02-28,2026-11-29,Active
502480,2888,Gadget,,2023-12-15,2028-11-23,
502481,6213,Medical,,2024-06-22,2027-09-26,Pending
502482,5224,Life,,2025-02-25,2029-01-14,Active
502483,321,Motor,,2024-01-22,2028-09-10,Lapsed
502484,6014,Gadget,,2024-04-28,2027-12-31,Pending
502485,940,Travel,,2022-10-14,2028-02-28,
502486,2347,,,2023-02-11,2026-06-25,Lapsed
502487,3146,,,2023-01-24,2026-06-17,Lapsed
502488,5570,,,2024-10-13,2027-12-05,Active
502489,6421,Medical,,2024-07-22,2028-12-18,Pending
502490,4541,Travel,,2022-11-10,2026-04-29,
502491,141,Motor,,2024-07-12,2028-01-10,
502492,882,Gadget,14980,2023-06-23,2027-04-17,
502493,1526,,12068,2022-07-28,2026-12-08,Pending
502494,1052,Motor,9660,2022-09-16,2027-01-18,Pending
502495,4254,,,2025-03-02,2027-08-14,Active
502496,3154,Gadget,,2022-04-17,2026-11-15,
502497,5226,Travel,2168,2022-08-02,2027-01-01,
502498,5762,Travel,,2024-08-02,2028-11-19,
502499,826,Motor,,2024-07-05,2029-03-11,
502500,5331,Gadget,13788,2024-04-15,2028-02-25,Active
502501,5114,,,2023-11-30,2027-02-13,
502502,2069,,14899,2024-02-22,2027-09-29,
502503,1370,Travel,,2023-05-28,2026-09-04,
502504,5294,Gadget,8924,,2026-10-05,
502505,2265,Travel,14832,2023-10-10,2026-05-24,Pending
502506,4947,Life,,2025-01-01,2028-06-05,Pending
502507,6681,Travel,7392,2022-11-30,2029-01-21,Lapsed
502508,4585,Life,,2024-10-29,2028-01-04,Active
502509,2361,Motor,,2024-08-07,2027-09-23,
502510,6804,Life,,2024-05-17,2028-10-03,Lapsed
502511,6918,,8481,2023-05-27,2026-11-25,Lapsed
502512,3858,,745,2024-06-24,2027-03-16,Active
502513,6833,Motor,,2024-06-18,2028-10-05,Active
502514,5074,Life,,2023-12-28,2027-03-29,Lapsed
502515,3988,Motor,,2025-02-05,2027-04-07,
502516,4967,,2088,2022-05-01,2029-02-27,Pending
502517,4258,Travel,4735,2023-05-17,2027-07-15,Lapsed
502518,1418,,,2024-08-15,2029-01-26,Active
502519,289,,,2024-12-05,2028-03-21,Lapsed
502520,3699,Medical,1924,2024-12-20,2027-03-27,Pending
502521,5047,,,2024-05-18,2027-08-14,
502522,3987,Medical,13869,2022-04-21,2029-03-03,Pending
502523,2737,,4972,2023-01-22,2027-08-20,
502524,6083,Medical,,2024-02-11,2026-07-12,Active
502525,30,Life,,2023-02-15,2026-10-13,
502526,5607,Medical,,2023-05-13,,
502527,211,Motor,9559,2025-03-14,2026-09-20,Lapsed
502528,4565,Life,12833,2023-03-04,2027-07-20,Lapsed
502529,2363,Life,,2024-02-15,2027-03-20,
502530,2806,,3722,2022-12-07,2028-01-08,Pending
502531,1516,Travel,,2023-04-21,2026-07-14,Active
502532,3022,,,2024-05-25,2028-12-30,
502533,6431,Motor,,2024-08-04,2027-10-02,Lapsed
502534,4373,Motor,,2023-02-23,2028-11-17,
502535,5393,,,2025-01-12,2028-05-04,Pending
502536,2997,Travel,8456,2023-05-12,2028-08-06,Pending
502537,4531,,,2023-02-12,2027-04-02,
502538,408,Gadget,12069,2024-07-19,2028-08-21,Lapsed
502539,2277,Travel,,2022-10-22,2026-06-22,Lapsed
502540,6754,Gadget,,2022-05-11,2026-08-22,Active
502541,1711,Medical,,2024-05-23,2028-04-03,Active
502542,6416,Medical,14655,2024-04-25,2028-04-10,
502543,826,,,2023-08-15,2027-08-05,
502544,3121,,,2024-02-29,2027-05-28,Lapsed
502545,5546,Medical,,2022-08-03,2027-01-15,
502546,396,Medical,,2023-08-17,2027-06-16,Pending
502547,3753,Travel,,2024-02-28,2027-09-27,
502548,1596,Medical,11227,2024-10-11,2028-01-05,Lapsed
502549,781,,,2024-05-20,2026-11-11,Pending
502550,5410,Travel,,2024-09-29,2026-11-17,
502551,2493,,,,2026-12-25,Lapsed
502552,5019,,9305,2022-08-23,2026-09-07,Lapsed
502553,6374,Motor,7148,2022-03-20,2028-02-20,Lapsed
502554,1109,Motor,737,2024-03-23,2026-04-06,Pending
502555,501,Life,,2024-01-16,,Lapsed
502556,1859,Motor,,2024-01-09,2027-01-28,
502557,3313,Gadget,,2022-03-29,2026-11-02,
502558,5739,,,2023-10-24,2027-11-16,Pending
502559,230,Gadget,,2025-02-22,2028-07-18,Pending
502560,246,Medical,5073,2022-11-15,2026-06-04,Lapsed
502561,101,,,2024-01-13,2026-11-09,
502562,2857,Life,,2022-04-22,2028-07-31,Lapsed
502563,3001,Travel,,,2028-10-18,
502564,1694,Travel,,2023-09-09,2027-01-17,Lapsed
502565,1069,,,2022-09-04,2027-05-21,
502566,4170,Travel,9717,2022-08-01,2029-03-09,Pending
502567,257,Medical,11802,2024-04-07,,
502568,1127,Life,2331,2022-09-27,2027-08-21,
502569,1116,,,2023-02-11,2027-01-05,Pending
502570,1261,Motor,,2024-06-07,2026-06-05,Active
502571,2771,,,2022-09-12,2027-02-04,
502572,5726,,,2022-11-18,2026-09-01,Lapsed
502573,4180,Motor,,2024-12-02,2026-06-28,Pending
502574,5044,Medical,,2024-05-19,2027-04-13,Lapsed
502575,532,,1094,2022-06-08,2026-12-22,Lapsed
502576,5143,Gadget,6822,2023-04-25,2027-09-11,Pending
502577,4959,Travel,,2024-06-14,2028-08-24,Active
502578,4095,,12641,2023-03-12,2027-03-27,
502579,5728,Gadget,,2022-07-10,2028-11-15,Active
502580,858,Motor,,2025-02-04,2026-07-25,
502581,5070,Medical,6908,2024-01-29,2028-12-04,Active
502582,6918,,,2023-06-02,2028-05-15,Active
502583,6152,Gadget,1627,2024-01-27,2029-01-22,Active
502584,5756,Motor,13362,2023-12-16,2028-08-05,Lapsed
502585,5252,Medical,,2022-12-26,2027-01-26,Lapsed
502586,3619,,3311,2024-01-02,2026-06-26,Pending
502587,2141,Travel,,2023-10-15,2027-05-13,Lapsed
502588,3033,,4246,2022-08-10,2028-11-28,Pending
502589,5026,Life,,2023-08-06,2027-09-15,Active
502590,2360,Motor,,2023-12-13,2028-09-16,Lapsed
502591,5771,Life,,2022-09-04,2028-05-18,Lapsed
502592,2342,Medical,13740,2024-08-27,2027-01-07,
502593,2781,Motor,,2022-03-25,2029-01-08,
502594,5549,Travel,488,2023-02-23,2026-10-05,
502595,4694,,,2024-11-16,2027-12-20,Active
502596,4538,Travel,,2022-06-24,2027-11-25,Active
502597,2678,Medical,,2023-05-18,2027-02-05,
502598,5794,Life,,2024-09-01,2028-01-20,Pending
502599,4718,,,2023-11-14,2027-11-25,Pending
502600,6987,Gadget,,2024-09-02,2027-11-14,
502601,5212,Travel,,2022-09-03,2027-01-18,
502602,6519,Life,8588,2022-09-09,2028-11-22,Lapsed
502603,3784,Life,,2024-04-13,2027-02-20,
502604,6808,Motor,,2024-05-09,2027-01-06,
502605,4682,Gadget,543,2024-12-20,2027-01-30,
502606,463,Medical,,2024-05-19,2028-11-30,Lapsed
502607,1343,Travel,,2023-03-30,2028-05-14,Pending
502608,621,,14933,2024-02-17,2026-09-17,Pending
502609,1511,,13017,2023-06-01,2026-06-01,Pending
502610,4007,Gadget,,2023-07-30,2028-02-29,
502611,917,Life,,2023-10-09,2027-11-12,Active
502612,3300,,4436,2022-08-28,2026-04-30,
502613,5028,,,2022-05-12,2027-03-04,Active
502614,5874,Gadget,1111,2022-05-05,2026-09-11,Lapsed
502615,2864,Motor,,2022-12-08,2028-04-10,
502616,5972,Motor,1748,,2027-09-18,
502617,4098,Life,,2023-03-18,2026-12-11,Pending
502618,5743,Life,,2024-04-06,2028-08-12,Active
502619,3483,Medical,,2022-11-10,2026-05-04,Pending
502620,775,Travel,7865,2022-09-22,2027-09-02,
502621,3177,Travel,14594,2022-09-29,2028-10-12,Lapsed
502622,1242,,12292,2024-08-10,2028-12-06,Lapsed
502623,5086,Gadget,,2023-05-29,2029-02-10,Active
502624,2323,Travel,8318,2022-12-06,2028-12-07,Pending
502625,936,Life,3334,2024-07-24,2027-08-15,
502626,6165,Gadget,,2024-02-22,2027-08-01,Active
502627,1338,Travel,4850,2023-05-21,2027-07-15,Lapsed
502628,4506,Medical,,2022-06-23,2027-06-12,Active
502629,3530,Life,12252,2024-09-18,2027-05-29,Lapsed
502630,4900,Life,2274,2023-10-20,2027-06-04,
502631,300,Travel,,2022-07-26,2026-05-25,
502632,2045,Medical,,2022-03-31,2026-05-10,
502633,3072,,,2023-08-10,2027-05-26,Lapsed
502634,3904,,14865,2023-03-24,2027-03-17,
502635,6171,Medical,,,2028-02-19,
502636,6792,,,2022-07-09,2027-05-23,
502637,5978,Motor,,2023-09-05,,
502638,5505,Life,,2024-06-19,2028-07-11,Pending
502639,2687,Life,,2025-01-30,2029-03-05,Active
502640,1815,Travel,,2025-01-29,2028-05-17,
502641,73,Travel,1269,2023-07-23,2027-10-19,Active
502642,1055,Medical,11043,2024-01-23,2026-12-11,Active
502643,1415,Life,9947,2024-02-21,2028-05-25,Active
502644,4295,Travel,11922,2023-07-06,2028-01-11,Pending
502645,6620,Medical,226,2024-10-15,2029-01-24,Active
502646,2429,Life,10340,2024-02-07,2026-08-22,Lapsed
502647,6626,,,2022-07-11,2026-11-09,
502648,6581,Motor,10166,2024-08-25,2028-10-08,Lapsed
502649,6288,Life,,2023-02-01,2028-09-12,Lapsed
502650,4810,,6330,2022-05-10,2028-02-02,Lapsed
502651,2222,Motor,,2025-02-11,2027-04-27,Active
502652,3997,Life,,2023-06-03,2029-03-08,Active
502653,3801,Medical,,2022-09-09,2026-03-22,Active
502654,233,Life,,2024-11-14,2028-03-06,
502655,1822,Travel,2568,2023-05-19,2028-02-17,Active
502656,1459,Medical,,2024-11-16,2027-08-27,
502657,3795,,,,2027-01-30,Active
502658,3573,Motor,5046,2022-10-10,2028-02-11,
502659,1566,Life,,2024-04-26,2029-02-25,
502660,3362,,,2023-09-21,2026-04-03,Pending
502661,1756,Motor,5141,2023-02-25,2026-05-20,
502662,2323,Travel,,2022-05-12,2026-08-28,Active
502663,5532,,2564,2024-10-07,2026-11-12,Lapsed
502664,4102,Medical,,2022-10-04,2027-01-23,Active
502665,3217,Motor,,2023-07-10,2027-11-02,Active
502666,3173,,13663,2024-09-08,2026-12-13,
502667,603,Gadget,540,2024-04-26,2027-09-20,Pending
502668,6308,,,2022-03-26,2027-03-18,Lapsed
502669,3216,Life,,2024-06-13,2027-07-29,Active
502670,3524,Motor,,2024-10-20,2028-03-26,Lapsed
502671,5167,,,2024-09-01,2029-01-28,Lapsed
502672,23,,,2024-05-05,2028-07-31,
502673,6880,Gadget,2997,2024-10-13,2026-03-30,
502674,3267,Gadget,10137,2024-05-31,2026-09-01,Pending
502675,3518,Travel,5897,2022-09-10,2028-03-04,
502676,2392,Motor,10974,2024-02-22,2027-08-03,Pending
502677,1935,Travel,,2023-01-25,2028-07-07,Pending
502678,4043,,,2025-03-09,2026-12-24,Pending
502679,579,,,2024-10-18,,Pending
502680,2515,Life,12036,2023-07-08,2028-07-25,Pending
502681,5419,,,2023-05-25,2027-11-09,
502682,5491,Medical,,2024-06-05,2028-07-11,
502683,5090,Gadget,,2022-08-25,2029-01-31,Lapsed
502684,4268,Motor,6687,2023-08-27,2027-12-03,
502685,5352,Life,,2022-08-12,2027-10-08,Active
502686,4582,Motor,,2024-10-04,2026-07-19,
502687,4803,,13087,2022-04-05,2027-12-29,
502688,5280,Gadget,,2024-12-09,2026-06-13,
502689,4139,Medical,,2023-11-29,2026-09-08,Active
502690,1136,Life,,2024-11-13,2028-06-15,
502691,747,Gadget,,2025-01-09,2027-09-03,
502692,5578,,7392,2024-07-19,2028-04-03,
502693,3902,Life,,2025-01-18,2029-02-17,Lapsed
502694,1419,,6212,2023-02-20,2028-08-26,Active
502695,6262,,,2024-05-08,2027-06-26,
502696,5582,Motor,,2024-02-21,2027-06-16,Active
502697,4575,Gadget,,2022-11-28,2028-10-21,Lapsed
502698,3209,Gadget,,2022-10-15,2027-01-26,
502699,2950,Gadget,5893,2024-09-30,2028-03-02,Active
502700,4337,Medical,11647,2022-09-03,2026-09-12,Pending
502701,3638,Gadget,,2023-12-11,2026-10-16,Lapsed
502702,2878,Life,10990,2023-01-10,2027-05-29,
502703,633,,6115,2023-12-12,2028-11-19,
502704,4331,Gadget,,2022-05-06,2026-05-25,Active
502705,6712,,,2025-02-22,2027-12-06,Active
502706,4434,,,2024-06-22,2029-02-07,Lapsed
502707,599,Medical,2114,2023-10-29,2028-09-23,
502708,6558,Medical,8790,2024-06-23,2028-09-22,Active
502709,3203,,,2022-05-02,2027-09-17,Pending
502710,896,,,2024-03-27,2027-01-12,Pending
502711,4587,Motor,2910,2024-07-26,2029-01-18,
502712,1283,Life,,2022-06-03,2027-12-03,
502713,963,Travel,2959,2024-11-12,2028-03-10,Lapsed
502714,1311,Life,,2024-04-03,2026-12-03,Active
502715,5319,Travel,,2024-07-10,2029-03-03,Lapsed
502716,3399,Life,,2023-11-30,2027-03-06,Lapsed
502717,4663,Gadget,893,2022-07-28,2027-03-30,Pending
502718,971,Travel,,2024-08-04,2026-08-21,Active
502719,6128,Life,,2023-08-06,2028-05-29,
502720,2140,,,2024-10-07,2028-04-06,Pending
502721,892,,,2023-01-13,2027-08-27,Active
502722,2276,,12186,2023-07-04,2029-01-06,
502723,3182,,7370,2024-02-04,2026-11-05,
502724,2329,,5755,2024-01-26,2027-02-26,
502725,6097,,9822,2025-01-08,2027-02-12,
502726,5682,,,2023-07-20,2028-12-10,Pending
502727,2598,Motor,,2022-03-26,2026-04-09,
502728,2876,Medical,11880,2022-04-12,2028-10-06,Lapsed
502729,3157,Life,13225,2023-03-22,2027-06-11,Lapsed
502730,6836,Life,,2024-02-20,2027-07-22,
502731,5460,Medical,,2022-04-30,2026-08-20,
502732,6090,,,2023-03-29,2028-07-27,Pending
502733,1222,Travel,,2023-04-10,2027-08-08,
502734,3148,,,2025-03-15,2026-07-21,Active
502735,977,Travel,,2022-04-30,2026-11-16,Pending
502736,1197,,,2024-09-14,2028-03-19,Lapsed
502737,612,Gadget,569,,2028-06-23,
502738,624,,,2023-12-12,2028-07-23,
502739,6163,Gadget,1566,2023-06-28,2027-07-22,
502740,4864,,,2022-06-11,2027-09-29,
502741,5765,,,2024-05-30,2028-12-29,
502742,6381,,,,2027-09-15,Pending
502743,1450,Gadget,,2024-11-01,2028-07-06,Pending
502744,2682,Motor,,2023-05-31,2028-01-09,
502745,4189,Medical,2283,2024-01-02,2029-03-13,
502746,1893,,,2023-05-21,2027-03-30,
502747,5104,,,2022-06-29,2026-09-18,
502748,3614,Travel,4110,2022-12-04,2028-01-13,
502749,3905,,,2025-02-04,2027-10-29,Active
502750,3660,Motor,,2022-08-21,2028-09-10,Active
502751,5893,,,2023-12-22,2027-09-07,Lapsed
502752,1830,Gadget,,2023-04-22,2027-03-06,Pending
502753,5259,,,2022-11-22,2028-05-17,Active
502754,3412,Medical,,2023-09-13,2028-03-05,Pending
502755,1806,Gadget,,2023-02-01,2026-08-09,
502756,5850,Life,,2022-05-05,2026-05-28,
502757,482,,,2024-04-02,2029-02-26,
502758,6730,Gadget,,2023-04-25,2027-09-18,
502759,3931,,13196,2023-11-14,2026-10-16,
502760,4857,Medical,,2022-07-12,2027-01-02,Lapsed
502761,3305,,,2024-03-21,2027-06-21,Pending
502762,3305,,,2025-02-04,2026-06-23,
502763,3033,Travel,,2022-04-05,2027-02-08,Active
502764,2826,Medical,7400,2024-05-24,2028-03-29,Active
502765,2087,Travel,6047,2024-06-26,2027-09-25,
502766,2656,,,2023-08-10,2027-07-03,
502767,226,,14722,2023-06-24,2028-01-26,Lapsed
502768,2967,Medical,,2023-11-15,2028-09-04,Lapsed
502769,2528,Medical,,2024-07-28,2028-07-03,
502770,6550,Travel,1021,2024-12-05,2028-02-05,Lapsed
502771,2391,Life,12637,2024-04-17,,
502772,6867,Medical,11943,2023-09-03,2027-07-22,
502773,2455,Medical,,2024-11-17,2027-10-24,Lapsed
502774,2838,,,2024-08-19,2026-10-12,Active
502775,5854,Motor,,2024-07-31,2028-01-09,Lapsed
502776,3347,,1845,2024-11-16,2026-11-01,
502777,5142,Gadget,,2023-08-24,2026-08-30,Active
502778,639,Motor,,2022-05-18,2028-04-26,
502779,6529,,,2023-04-03,2027-08-20,Pending
502780,4770,,,2024-03-10,2027-04-20,Lapsed
502781,1916,,12004,2022-09-04,2026-05-16,Lapsed
502782,26,Medical,,2025-02-20,2028-01-08,Pending
502783,1712,Medical,7115,2024-11-10,2028-04-13,Pending
502784,1581,Medical,,2023-09-12,2026-12-29,
502785,5388,Life,2891,2024-09-18,2029-03-18,
502786,6236,Motor,4473,2023-09-10,2027-11-29,
502787,5413,Gadget,,2024-09-14,2027-04-12,Active
502788,387,Life,,2024-08-23,2027-10-31,
502789,5853,Travel,,2023-07-21,2027-01-03,Pending
502790,980,,,2024-10-31,2028-08-24,
502791,5250,,,2024-10-29,2027-12-24,
502792,952,Medical,10496,2023-08-04,2029-02-23,Active
502793,4581,Life,11233,2024-04-20,2028-11-02,Pending
502794,3886,,,2024-07-25,2026-06-19,Lapsed
502795,111,,,2022-12-21,2027-07-19,Pending
502796,6034,Travel,10002,2023-05-22,2027-04-26,Active
502797,6857,Medical,,2024-04-07,2027-10-15,
502798,6181,Life,13961,2023-08-18,2026-07-02,
502799,566,Medical,,2024-01-09,2027-09-01,
502800,3865,Motor,,2024-05-08,2027-05-29,Lapsed
502801,4991,Medical,5571,,2027-07-25,Active
502802,5225,,,2022-05-08,2026-07-12,
502803,6483,,,2022-08-09,2028-07-19,Lapsed
502804,5310,Gadget,,2022-04-20,2028-01-29,Pending
502805,4761,Gadget,,2022-12-14,2027-10-02,Active
502806,5812,Medical,,2023-02-25,2028-09-01,Active
502807,1777,Life,11603,2023-09-10,2027-10-25,
502808,2239,,,2023-07-26,2029-03-08,Active
502809,5934,,,2023-07-18,2029-01-06,Pending
502810,2104,Travel,,2024-07-11,2026-09-09,Lapsed
502811,5234,Travel,5709,2022-09-04,2028-06-29,Pending
502812,3098,Gadget,,2025-01-12,2028-02-18,Pending
502813,4206,Gadget,7621,2022-10-17,2026-06-04,Active
502814,3008,Life,,2022-07-29,2029-01-25,Lapsed
502815,2499,Motor,,2023-01-01,2026-11-22,
502816,4249,Gadget,14282,2023-06-29,2026-06-04,Pending
502817,789,Gadget,3194,2024-04-22,2027-11-19,
502818,2722,,,2023-06-20,2029-01-30,Lapsed
502819,1012,Medical,,2024-08-25,2027-10-31,Active
502820,1525,Motor,12339,2023-09-10,2028-07-05,Pending
502821,3686,Motor,6885,2024-05-13,2026-07-04,Pending
502822,6616,,,2023-04-22,2026-05-15,Pending
502823,3433,Gadget,,2023-10-15,2026-12-23,Pending
502824,3609,Medical,5605,2024-02-06,2027-09-23,Pending
502825,4289,,,2024-07-11,2027-03-04,Pending
502826,5021,,,2024-02-14,2029-02-03,
502827,6944,,,2024-05-15,2028-08-15,
502828,768,Life,13175,2024-12-20,2028-03-09,
502829,1391,Travel,,2022-10-10,2026-11-30,
502830,4993,,,2023-12-11,2026-11-28,Pending
502831,5283,Gadget,5202,2023-06-27,2028-11-23,Pending
502832,3000,Travel,13541,2022-08-21,2026-10-28,Pending
502833,4368,Travel,,2022-11-26,2027-06-30,Lapsed
502834,544,,,2023-03-21,2027-10-07,Active
502835,5359,Travel,,2024-08-20,2026-07-26,Active
502836,5130,,,2022-06-28,2027-08-07,
502837,3947,,14318,2023-07-19,2026-09-18,
502838,328,Gadget,11757,2024-01-04,2028-04-26,
502839,5711,Life,,2022-09-01,2027-04-03,
502840,5908,,6369,2024-10-14,2027-08-02,
502841,4441,Motor,1323,2023-03-27,2026-04-04,Lapsed
502842,2444,Medical,,2023-02-12,2028-05-06,
502843,6234,Motor,,2023-04-15,2026-10-14,
502844,2500,Medical,13127,2023-08-17,2027-04-22,
502845,3519,Motor,,2025-01-25,2029-02-01,Pending
502846,3482,,,2022-04-05,2027-09-16,Lapsed
502847,4540,Gadget,,2025-01-07,2027-08-31,Pending
502848,1866,Gadget,4366,2022-10-15,2028-10-20,Lapsed
502849,4669,Travel,,2023-08-10,2028-06-29,Active
502850,6543,Medical,5358,2023-10-09,2027-05-10,
502851,2053,,,2024-03-06,2029-01-23,
502852,4768,Life,4611,2022-04-22,2027-01-23,Active
502853,1120,,12453,2024-04-28,2026-04-04,
502854,5014,Gadget,,2024-06-09,,Active
502855,2838,,13588,2022-10-25,2026-08-22,Lapsed
502856,2880,Medical,,2022-10-29,2026-04-12,Active
502857,6987,Gadget,,2022-10-06,2028-01-25,
502858,3416,Life,,2023-12-01,2028-06-24,
502859,4843,Medical,7296,2023-08-04,2027-12-16,
502860,6765,,,2023-03-18,2028-05-06,Active
502861,3561,,10951,2023-02-18,2027-04-03,
502862,5328,,5478,2024-02-24,2028-10-08,Pending
502863,4624,Travel,,2022-11-01,2027-10-03,Lapsed
502864,6081,Medical,,2024-01-25,2026-07-07,
502865,2355,Life,,2022-07-20,2028-01-01,
502866,2012,,,2024-09-30,2028-07-22,Lapsed
502867,5664,Travel,,2025-01-30,2027-10-17,Pending
502868,1651,,,2022-10-10,2029-03-01,Active
502869,2997,,,2022-05-08,2026-11-26,Pending
502870,6372,,3587,2023-11-12,2028-08-28,Active
502871,5349,,245,2024-03-25,2026-06-09,Active
502872,387,,,2023-06-08,2028-01-23,
502873,3981,Gadget,12825,2022-07-18,2026-12-08,Lapsed
502874,4060,,,2022-12-23,2027-03-02,Lapsed
502875,6970,Travel,10792,2023-09-06,2028-06-29,Pending
502876,24,,,2024-03-26,2027-12-05,
502877,4019,Gadget,434,2024-03-08,2029-03-12,Pending
502878,6661,Life,3715,2022-07-14,2028-07-21,Pending
502879,5713,,11588,2025-01-06,2028-05-10,
502880,178,Motor,,2023-07-19,2028-04-22,
502881,4556,Motor,,2023-12-09,2026-03-29,
502882,4471,Life,,2023-09-24,2026-10-09,Lapsed
502883,3761,Gadget,,2024-12-30,2029-01-03,
502884,6546,Travel,,2023-11-23,2026-04-26,Pending
502885,4385,Gadget,2654,2023-06-19,2028-11-02,Lapsed
502886,1210,Motor,,2024-10-15,2026-08-15,
502887,6647,,,2023-07-11,2028-08-20,Active
502888,1186,Travel,,2023-12-17,2027-03-22,Pending
502889,2910,,,2024-10-29,2028-03-26,Pending
502890,2029,Medical,,2023-05-04,2028-07-03,
502891,1482,Motor,13330,2024-11-08,2029-02-16,
502892,6175,Life,3023,2024-09-21,2026-04-18,Active
502893,2915,Travel,8848,2024-05-22,2028-08-11,
502894,1103,Gadget,,2022-04-30,2029-01-17,Pending
502895,4283,,5490,2023-01-22,2026-07-22,Pending
502896,2587,Medical,,2024-10-20,2028-10-20,Pending
502897,385,Motor,13033,2024-05-20,2027-10-01,
502898,5196,Travel,,2022-09-25,2027-09-10,Lapsed
502899,2756,Motor,,2023-01-24,2026-11-19,
502900,6551,Life,,2024-11-07,2029-02-04,
502901,1790,Motor,,2024-10-30,2028-05-12,
502902,2914,,,2024-02-24,2028-05-18,Pending
502903,4916,Gadget,,2022-10-04,2027-06-05,
502904,953,Gadget,408,2022-09-05,2027-08-05,Pending
502905,599,Life,,2024-10-16,2029-01-21,Active
502906,4019,Life,,2023-05-12,2028-12-31,Active
502907,2003,Medical,7609,2024-01-20,2028-05-06,Pending
502908,2171,Travel,,2024-06-29,2029-02-05,Active
502909,1492,,,2024-10-30,2028-08-28,Active
502910,255,Motor,,2023-12-01,2027-07-25,Pending
502911,2260,Life,,2024-12-24,2028-01-06,Active
502912,6989,Travel,,2023-01-18,2027-11-14,Lapsed
502913,284,Life,,2023-03-05,2027-12-02,Pending
502914,2328,Life,,2023-01-03,2028-05-21,Lapsed
502915,6910,Medical,,2024-07-15,2026-11-07,
502916,6614,,1962,2023-02-26,2027-11-01,Lapsed
502917,3240,,,2023-10-01,2028-09-04,
502918,3275,,,2023-07-17,2027-06-15,
502919,6024,Gadget,,,2026-10-12,Active
502920,2776,Travel,,2022-06-18,2029-01-04,
502921,2993,Medical,,2022-03-24,2027-04-11,Active
502922,4712,Gadget,,2022-10-24,2027-01-06,
502923,3733,Life,,2024-12-05,2027-11-26,Pending
502924,3456,,6659,2024-05-12,2027-10-26,Active
502925,1859,,,2022-04-01,2027-01-06,Lapsed
502926,6823,Medical,,2024-08-25,2027-02-27,
502927,5229,Gadget,,2024-02-18,2027-10-11,Lapsed
502928,2878,Gadget,11826,2022-08-21,2027-04-25,Active
502929,3410,,13688,2022-08-11,2028-12-21,
502930,4074,,,2023-12-04,2028-06-19,Lapsed
502931,1082,Medical,,2023-08-18,2028-02-09,
502932,5054,Motor,7565,2025-01-24,2026-12-13,
502933,5318,,,2024-11-18,2026-09-05,Active
502934,1956,,,2024-02-17,2028-01-20,Active
502935,5805,Medical,12274,2023-06-16,2028-04-20,
502936,640,Life,9716,2023-11-18,2027-08-08,Pending
502937,6479,,,2023-09-26,2026-08-09,Active
502938,5617,Motor,,2024-09-12,2028-11-06,Pending
502939,783,,,2025-02-01,2027-07-18,Pending
502940,1342,,,2024-07-06,2026-05-14,
502941,1190,Medical,5447,2022-03-31,2028-11-12,Active
502942,5107,Gadget,,2022-11-02,2027-04-01,Pending
502943,2624,,6148,2024-06-16,2027-10-21,
502944,620,Travel,,2022-07-24,2027-11-18,Lapsed
502945,5876,Medical,4073,2024-06-22,2028-10-26,Pending
502946,1368,Gadget,,2023-09-24,2026-03-29,Lapsed
502947,1735,Medical,,2022-10-07,2028-12-19,
502948,715,,,2023-10-23,2027-08-07,Lapsed
502949,6096,Life,,2024-01-21,2028-01-10,
502950,967,Life,,2023-03-23,2028-06-08,Active
502951,3993,Gadget,11299,2024-07-04,2027-04-26,Active
502952,6734,,4227,2022-09-25,2027-12-26,Pending
502953,4033,,14547,2023-12-13,2028-08-14,
502954,6684,Gadget,,2022-07-12,2026-11-04,Active
502955,5937,Motor,11476,2023-11-14,2026-05-29,Active
502956,3302,Life,4614,2023-07-18,2028-02-01,Active
502957,6946,Travel,,2024-01-27,2027-11-03,Active
502958,4602,Life,3915,2023-12-23,2028-12-13,
502959,4297,Life,,2022-09-06,2028-08-21,Pending
502960,6128,Travel,,2023-01-28,2028-05-09,
502961,5140,,,2022-07-05,2026-04-08,Active
502962,3179,,,2022-04-10,2026-05-18,
502963,2804,,,2023-12-11,2026-07-08,
502964,5990,Life,,2024-06-09,2026-11-09,
502965,469,Medical,,2025-03-06,2028-09-30,Active
502966,2070,Medical,6025,2022-10-25,2026-03-26,Pending
502967,6060,Life,,2024-04-20,2028-10-02,Lapsed
502968,3119,Life,,2022-11-03,2027-08-06,Pending
502969,4121,Travel,3157,2024-10-29,2027-01-09,
502970,5270,,1402,2024-07-27,2028-04-19,
502971,3686,Life,,2024-04-07,2028-10-03,Pending
502972,1341,Gadget,,2022-09-28,2028-09-11,Active
502973,3764,Medical,14048,,2027-03-22,
502974,2016,Life,,2024-02-01,2026-10-29,
502975,4304,Gadget,,2024-07-27,2027-02-07,
502976,1013,,317,2025-03-16,2028-09-21,Lapsed
502977,2068,Life,,2023-08-13,2027-01-27,
502978,4713,Motor,,2025-02-23,2026-05-18,Pending
502979,3690,Gadget,,2024-04-07,2027-04-18,
502980,358,Medical,,2024-07-11,2028-06-23,
502981,2733,Medical,11099,2023-03-28,2026-10-21,Pending
502982,6181,Motor,,2024-08-08,2027-12-23,
502983,4239,Gadget,,2024-03-31,2028-09-13,Lapsed
502984,6988,,7194,2024-03-31,2026-11-05,
502985,6757,Gadget,12656,2022-07-29,2026-09-29,
502986,2220,Travel,10507,2022-12-16,2027-07-07,Lapsed
502987,1679,Life,9747,2023-04-15,2028-12-07,Lapsed
502988,6700,Gadget,,2023-05-16,2027-09-05,Active
502989,3704,Travel,,2023-11-10,2027-12-14,Pending
502990,4726,Motor,11635,2025-03-05,2027-04-01,
502991,854,Motor,10917,2022-04-08,2027-07-11,
502992,396,Motor,2427,2022-10-16,2028-04-01,Lapsed
502993,2971,Travel,746,2022-06-24,2026-12-07,Active
502994,915,Medical,5365,2022-12-11,2027-03-05,Lapsed
502995,6297,Motor,,2023-01-29,2027-02-26,Lapsed
502996,4298,Travel,,2024-07-21,2027-11-07,
502997,2019,Travel,1955,2023-09-22,2028-07-30,Pending
502998,4857,Life,,2023-01-08,2028-01-18,
502999,2924,Motor,,2022-03-26,2026-07-11,
503000,3122,,,2022-10-27,2028-01-27,Lapsed
503001,765,,,2023-03-14,,
503002,3912,,,2023-10-19,2028-05-26,
503003,2187,,,2023-07-02,2027-05-30,Lapsed
503004,6483,Medical,,2022-08-18,2027-07-10,Pending
503005,2703,Travel,14477,2023-07-07,2026-07-23,
503006,3647,Medical,,2023-07-09,2028-12-10,
503007,6804,,,2023-10-24,2028-09-08,
503008,1369,Medical,,2024-08-09,2027-10-05,Lapsed
503009,5070,,11055,2022-04-17,2027-12-03,Pending
503010,3594,Motor,,2023-04-19,2028-07-27,Lapsed
503011,2290,,,,2029-02-05,Lapsed
503012,2493,Motor,,2022-05-18,2026-04-02,Pending
503013,6621,Life,,2023-08-14,2028-05-26,
503014,4015,,,,2026-04-21,Active
503015,6518,,,2024-06-25,2028-10-17,Pending
503016,5681,Medical,,2024-01-06,2028-01-12,Pending
503017,2097,Medical,,2023-02-26,2028-03-12,
503018,1018,Travel,,2023-12-16,2026-11-20,Active
503019,1569,Travel,2071,2025-02-13,2029-01-26,Active
503020,5719,,13694,2022-11-08,2028-02-24,Active
503021,846,,,2022-10-27,2026-06-14,Lapsed
503022,6129,,,2024-05-17,2027-06-30,
503023,4277,Travel,9715,2022-08-30,2027-12-23,
503024,4389,Medical,12111,,2027-02-26,Active
503025,4886,Life,,2023-03-01,2026-10-09,
503026,1245,Gadget,,2023-04-11,2026-05-14,Active
503027,5604,Travel,,2024-09-28,2027-12-06,
503028,4738,Gadget,13679,2023-09-05,2026-09-21,Lapsed
503029,916,Life,,2023-07-24,2028-01-26,Active
503030,475,,,2023-09-20,2028-06-04,Active
503031,3843,Medical,,2023-03-02,2029-01-11,
503032,5837,,,2024-05-27,2028-04-28,
503033,5590,Gadget,,2022-06-10,2026-12-24,Active
503034,5325,Motor,3077,2022-06-13,2027-01-21,Active
503035,5900,Medical,,2024-02-27,2027-03-01,Lapsed
503036,5536,Motor,,2022-09-05,2026-08-05,
503037,442,,213,2022-06-18,2027-10-03,Active
503038,4678,Life,,2024-05-29,2027-02-14,Pending
503039,2405,Gadget,1619,2022-07-19,2026-03-30,Lapsed
503040,5254,Gadget,12758,2022-07-08,2026-05-14,
503041,3647,Life,13283,2024-09-26,2026-08-09,
503042,3993,,,2022-05-01,2026-08-03,Pending
503043,5211,,,2024-07-08,2028-08-20,Lapsed
503044,197,Life,,2023-11-23,2028-04-07,Active
503045,5369,Medical,2369,2024-11-26,2027-07-25,Lapsed
503046,2387,,3579,2022-05-03,2027-10-06,Pending
503047,4041,,,,2029-03-15,Lapsed
503048,5426,Life,,2022-07-23,2026-04-10,Pending
503049,5633,Travel,,2024-07-29,2026-05-14,Pending
503050,6830,Motor,9260,2022-12-03,2027-01-19,Pending
503051,6985,,,2023-05-10,2028-12-30,
503052,5031,Life,,2024-11-29,2028-07-07,Lapsed
503053,1162,Travel,6382,2024-03-01,2028-09-28,
503054,4721,,,2022-07-19,2026-12-25,
503055,5867,Gadget,,2023-08-06,2028-03-21,
503056,6449,Life,,2022-12-02,2027-03-20,Lapsed
503057,2094,Motor,5114,2022-07-14,2028-03-28,Lapsed
503058,5672,Motor,,2024-06-02,2028-08-13,Active
503059,3033,Medical,,2023-10-22,2029-03-06,Active
503060,2162,Gadget,11189,2024-07-11,2026-04-17,
503061,1171,,13682,2022-05-23,2027-06-26,Active
503062,2290,Gadget,,2022-05-20,2028-02-27,
503063,5649,Motor,11735,2023-01-03,2026-04-28,Active
503064,5330,Travel,,2024-12-30,2027-12-06,
503065,2990,Motor,,2023-09-12,2027-09-12,
503066,4328,Life,1022,2023-12-01,2026-06-22,Pending
503067,1394,Medical,2551,2024-02-20,2027-02-28,
503068,6601,,,2023-06-10,2028-03-08,
503069,193,Life,,2024-03-23,2028-11-07,Lapsed
503070,70,Gadget,,2024-08-12,2026-06-11,
503071,3366,Life,14293,2024-12-18,2029-02-16,
503072,2918,Gadget,,2024-04-09,2027-01-24,Lapsed
503073,2919,Medical,11131,2024-08-24,2028-09-11,Pending
503074,2941,Gadget,,2022-06-25,2027-03-03,Active
503075,2193,Medical,,2024-04-26,2026-03-27,
503076,4681,,,2022-05-10,2028-04-25,Active
503077,4221,Travel,8830,2022-05-07,2028-07-11,Active
503078,6520,,,2024-10-31,2027-02-20,
503079,3218,Travel,,2024-01-27,2026-12-28,
503080,5997,Medical,8150,2024-02-03,2027-09-23,
503081,3310,Motor,,2023-09-24,2028-10-25,
503082,4837,,,2023-12-22,2027-06-18,Lapsed
503083,1159,,,2022-05-12,2029-01-06,Active
503084,1443,Medical,,2024-08-04,2028-08-06,
503085,4268,Gadget,,2022-11-09,2028-05-28,Pending
503086,2887,Travel,,2024-04-15,2026-09-30,
503087,4391,,,2024-07-23,2027-10-25,
503088,523,Travel,,2022-05-26,2029-02-11,Lapsed
503089,2314,,,2023-12-21,2026-10-26,
503090,3200,Medical,,2022-08-29,2026-07-10,Active
503091,3426,Motor,8079,2022-08-08,2026-08-19,Active
503092,3148,Medical,11118,2022-08-01,2026-12-08,Active
503093,6537,Gadget,2469,2023-07-15,2028-12-11,
503094,2406,Gadget,4810,2024-02-05,2027-01-25,
503095,1646,,,2022-04-01,2028-05-19,Lapsed
503096,2784,Life,5754,2023-05-27,2028-10-11,Lapsed
503097,6152,Motor,,2022-07-18,2027-03-19,Lapsed
503098,688,Travel,,2024-01-25,2028-07-06,
503099,4117,,,2024-03-07,2028-05-30,
503100,208,,,2024-12-14,2029-02-22,Pending
503101,6241,Gadget,,2025-03-09,2028-03-03,Active
503102,4953,Gadget,,2023-08-05,2028-04-22,Lapsed
503103,4851,,,2023-05-25,2026-08-06,Lapsed
503104,6759,Motor,,2023-04-10,2027-05-23,
503105,262,,,2023-12-21,2026-07-13,Lapsed
503106,3131,,,2023-03-12,2028-08-14,Pending
503107,6679,Medical,,2022-08-19,2027-07-04,Lapsed
503108,612,Life,,2024-04-20,2029-02-26,
503109,3531,,,2022-07-19,2027-04-14,Lapsed
503110,2678,Gadget,13139,2023-03-15,2028-08-15,Lapsed
503111,4003,Life,,2025-03-15,2028-08-13,Active
503112,2444,Travel,,2023-11-22,2026-05-09,Pending
503113,739,Life,,2023-12-20,2027-07-09,
503114,4039,,4611,2023-11-23,2028-06-05,Lapsed
503115,185,Gadget,,2024-10-03,2027-04-02,
503116,669,,,2024-07-07,2026-07-14,Pending
503117,2773,Medical,,2024-05-18,2027-08-16,
503118,6467,,,2022-09-30,2028-07-06,Active
503119,3645,,,2025-01-07,2027-04-16,Pending
503120,4861,Gadget,,2022-11-24,2026-11-15,Lapsed
503121,1597,Travel,1609,2024-10-01,2027-05-31,
503122,5494,Life,,2023-06-20,2026-12-05,
503123,216,Medical,,2023-06-19,2028-07-15,
503124,1279,,10650,2023-02-06,2028-12-26,
503125,3549,Medical,,2022-04-16,2027-10-21,Pending
503126,5500,,,2024-11-04,2028-06-14,Active
503127,4638,Life,4104,2023-11-13,2026-09-20,
503128,4964,Life,3601,2024-10-10,2028-12-18,Lapsed
503129,5303,Life,,2024-01-17,2026-06-17,
503130,3223,Travel,,2023-02-22,2028-02-03,Lapsed
503131,5413,Medical,,2023-08-14,2028-04-28,Lapsed
503132,754,Gadget,,2022-06-01,,Lapsed
503133,5028,Travel,,,2026-06-09,
503134,2268,Life,11499,2024-01-18,2026-08-11,Lapsed
503135,933,Life,5578,2022-08-13,2028-07-29,Pending
503136,2483,,13080,2024-02-06,2028-04-14,Lapsed
503137,836,Gadget,,2022-05-09,,Pending
503138,6493,,1186,2024-02-13,2029-02-05,Pending
503139,3564,Gadget,14940,2023-10-24,2029-03-08,
503140,5838,Gadget,9547,2023-08-16,2028-08-17,
503141,364,Motor,10979,2024-02-13,2028-03-13,Lapsed
503142,3775,Travel,,2024-02-01,2026-11-20,
503143,4589,Motor,,2023-11-06,2027-05-30,
503144,1317,Gadget,,2024-04-14,2029-02-03,
503145,3681,Medical,,2023-03-29,2029-02-07,Pending
503146,627,Travel,4920,2022-08-09,2028-09-26,Pending
503147,3583,Motor,4584,2022-04-18,2026-12-13,
503148,543,,7230,2022-05-21,2026-07-26,Active
503149,5838,,,2023-05-09,2028-02-03,
503150,1177,,,2023-04-04,2027-02-03,Pending
503151,457,Life,9465,2024-10-26,2028-12-02,Active
503152,1177,Travel,5514,2022-04-11,2026-08-07,Lapsed
503153,361,Medical,,2024-09-10,2028-09-16,Active
503154,4782,Medical,,2022-05-26,2027-04-22,Active
503155,3033,Gadget,,2023-05-16,2028-04-24,Lapsed
503156,286,Gadget,,2024-08-26,2028-01-09,Active
503157,404,Life,,2023-09-12,2029-01-02,Pending
503158,2327,,,2023-05-16,2029-03-04,Pending
503159,4223,Medical,,2023-10-08,2026-03-26,Lapsed
503160,385,Gadget,,2023-11-30,2028-01-14,Lapsed
503161,2191,Motor,10529,2022-11-05,2026-03-22,
503162,3093,,,2023-10-27,2028-08-16,Active
503163,6430,Gadget,14154,2024-01-09,2026-08-31,Lapsed
503164,255,,,2022-04-04,2026-11-17,
503165,6667,Life,1484,2023-04-20,2026-12-05,
503166,114,Life,,2023-09-02,2026-08-18,Active
503167,6793,Motor,,2022-08-06,2027-04-30,Pending
503168,6725,Travel,,2025-01-17,2028-09-07,
503169,1263,,,2023-12-06,2028-06-04,
503170,5794,Medical,,2023-08-30,2028-11-19,Pending
503171,4641,Life,,2022-11-17,2027-12-10,Pending
503172,1506,Medical,11412,2022-11-28,2028-03-22,
503173,3962,Motor,,2022-04-04,2026-07-08,
503174,4161,Motor,,2023-07-09,2028-12-08,Active
503175,1203,Travel,,2022-06-19,2026-03-22,Pending
503176,4559,,,2023-08-17,2026-09-24,
503177,2463,Life,8734,2023-09-14,2026-10-15,Lapsed
503178,6523,Motor,5440,2025-01-14,2028-05-25,Lapsed
503179,4408,Gadget,11612,2023-10-26,2027-02-11,
503180,545,Medical,,2022-08-14,2027-04-30,
503181,3178,Medical,,2023-02-10,2028-11-17,Active
503182,5088,,,2023-04-01,2028-05-22,
503183,1587,Gadget,2511,2022-03-23,,Lapsed
503184,5623,Medical,,2025-01-21,2028-04-05,
503185,3717,,,2023-03-25,2027-11-29,
503186,1318,,,2024-09-09,2027-04-28,Pending
503187,1669,Gadget,,2022-04-30,2026-12-01,Pending
503188,56,,11038,2024-07-19,2026-05-31,
503189,4945,,3685,2024-03-12,2028-12-16,Lapsed
503190,967,Medical,,2022-10-10,2026-12-31,
503191,6745,Motor,3726,2024-07-29,2027-02-17,
503192,1945,Travel,,2023-11-02,2028-10-20,
503193,2499,,2421,2022-04-25,2027-10-11,
503194,1332,,8948,2023-12-29,2027-09-17,Pending
503195,3364,Life,11182,2023-04-23,2028-08-11,Pending
503196,1400,Life,,2024-09-19,2028-08-26,
503197,3548,Life,,2024-05-18,2029-01-18,Pending
503198,2711,Life,2633,2024-01-10,2028-01-13,Active
503199,5000,Life,8996,2024-03-13,2028-03-04,
503200,3903,Gadget,,2023-04-06,2027-02-14,Pending
503201,6677,Motor,,2022-04-19,2027-04-13,Lapsed
503202,3821,Travel,,2023-02-09,2028-02-07,
503203,1635,Life,9799,2024-10-21,2027-04-09,Pending
503204,5097,,,2022-10-03,2027-01-06,Pending
503205,2921,Medical,,2023-04-16,2026-11-19,Lapsed
503206,3690,,,2022-04-09,2026-12-29,Pending
503207,5938,,10404,2023-06-28,2026-06-25,Lapsed
503208,3576,Medical,14450,2022-12-29,2027-09-08,Active
503209,2973,Travel,11615,2024-05-23,2027-07-05,Active
503210,4396,,,2024-03-13,2028-06-10,Active
503211,217,Life,14708,2024-01-14,2029-01-01,Pending
503212,2818,Life,,2024-08-13,2027-10-18,Active
503213,108,Motor,,2024-12-19,2028-05-06,
503214,2409,,,2025-02-18,2027-12-21,Pending
503215,6498,Medical,,2023-10-12,2027-08-08,
503216,1167,,2627,2024-05-29,2028-03-09,
503217,4839,Medical,,2023-05-02,2028-04-26,Active
503218,6055,Gadget,,2024-03-29,2029-02-07,
503219,1448,,,2023-11-26,2027-07-01,Active
503220,1199,Medical,,2023-09-19,2026-08-28,Lapsed
503221,1228,Life,13654,2022-06-19,2028-12-02,Pending
503222,4596,Life,,2024-12-24,2026-08-01,
503223,308,Medical,8682,2024-06-28,2026-04-09,
503224,3928,Gadget,4567,2024-11-14,2026-11-13,
503225,1670,,,2024-06-24,2026-10-09,Pending
503226,5830,,,2022-08-06,2026-05-08,Active
503227,1200,Travel,14786,2024-11-27,2029-02-17,Active
503228,3770,,879,2023-09-04,2028-03-31,Active
503229,2149,Medical,11867,2024-05-30,2027-05-15,
503230,1667,Travel,3502,2022-04-04,2026-12-10,Lapsed
503231,2400,Medical,2833,2023-07-08,2028-07-23,
503232,6318,Travel,,2022-12-18,2026-05-14,Lapsed
503233,2194,,,2022-05-30,2028-08-29,Pending
503234,3256,Life,,2023-12-31,2027-07-24,Lapsed
503235,1884,,,2023-12-05,2026-06-10,
503236,5537,Life,8475,2024-05-07,2027-05-10,Active
503237,145,Travel,,2024-09-24,2029-03-12,Active
503238,3872,,,2025-02-07,2027-03-03,
503239,76,Motor,,2025-03-03,2028-10-25,
503240,4965,,,2023-05-14,2026-10-21,
503241,2773,,3563,2022-08-01,2026-08-01,
503242,386,Life,,2023-01-01,2026-10-24,
503243,5274,,,2024-09-23,2026-03-25,
503244,2215,Gadget,,2024-10-18,2028-11-07,Lapsed
503245,447,,,2024-08-16,2028-04-30,Lapsed
503246,4497,Gadget,,2024-03-28,2026-03-22,Lapsed
503247,6260,Travel,10416,2022-05-15,2027-03-30,
503248,1124,,942,2023-08-11,,
503249,2082,Motor,2139,2024-10-23,2028-06-06,Pending
503250,3902,Gadget,,2022-07-18,2028-11-14,
503251,2464,Life,,2023-02-10,2026-08-19,
503252,6962,Medical,,2024-07-16,2028-02-23,
503253,598,,,2022-11-15,2028-04-10,Lapsed
503254,5618,Medical,13715,2024-06-13,2027-08-18,
503255,4909,,,2023-10-07,2026-08-02,Lapsed
503256,6887,,,2024-07-07,2027-07-27,Lapsed
503257,6070,,14755,2022-08-24,2028-04-27,
503258,378,Life,5018,2025-02-18,2028-03-23,
503259,6226,,,2023-01-30,2026-08-02,Lapsed
503260,883,Motor,,2022-05-26,2029-02-11,Lapsed
503261,1880,Travel,13228,2022-07-04,2026-08-31,Lapsed
503262,2817,Life,12034,2023-10-31,2028-07-31,
503263,3561,Medical,8245,2022-04-08,2026-11-27,Pending
503264,3394,Travel,,2022-05-05,2027-10-21,
503265,2200,Motor,5608,2023-05-24,2027-02-02,
503266,2792,,,2022-10-18,2029-03-06,Pending
503267,2,Gadget,,2024-12-18,2026-10-04,
503268,1725,,,2022-11-13,2028-02-11,
503269,1947,,13388,2022-06-16,2027-08-28,
503270,5826,Medical,5613,2023-03-27,2026-08-30,
503271,3415,Motor,11095,2024-12-25,2027-06-12,
503272,6050,Life,,2024-08-24,2027-01-23,Lapsed
503273,958,Motor,,2022-08-23,2026-11-11,Active
503274,5891,Motor,,2024-03-21,2028-09-24,
503275,6711,Travel,,2022-06-05,2027-05-18,Pending
503276,4891,Medical,4654,2023-05-13,2027-08-20,Lapsed
503277,3276,Medical,,2022-11-30,2027-03-21,Pending
503278,3080,Motor,,2023-10-11,2026-12-20,Pending
503279,3860,,,2023-11-07,2027-11-20,Active
503280,1716,Life,,2023-12-05,2027-11-10,
503281,1530,Motor,14747,2024-10-01,2026-10-17,Pending
503282,1297,,,2024-10-12,2028-05-17,
503283,3693,,11531,2024-06-23,2027-02-11,
503284,2337,,,2023-06-07,2026-04-25,Lapsed
503285,4407,,,2022-10-11,2026-10-13,Lapsed
503286,2251,Life,4495,2023-12-28,2026-07-14,Pending
503287,2377,,,,2028-12-23,Active
503288,2146,,,2023-01-11,2029-01-04,
503289,364,Travel,,2024-12-24,2029-01-04,Active
503290,6137,Medical,12761,2022-09-05,2027-09-15,Active
503291,1515,Medical,8970,2023-08-29,2028-10-09,Lapsed
503292,6032,Medical,4289,2022-06-29,2027-05-06,
503293,5979,,,2023-06-29,2028-04-06,Pending
503294,5199,Medical,,2024-02-29,2027-11-02,Active
503295,320,Travel,13626,2024-11-25,2028-01-11,Pending
503296,3160,Motor,,2022-12-07,2026-07-13,Lapsed
503297,4453,Medical,,2023-08-28,2027-12-30,Pending
503298,3441,,9222,2024-04-21,2027-10-01,
503299,168,Gadget,,2024-03-27,2028-02-08,
503300,2234,,,2022-09-11,2026-12-11,Active
503301,595,,,2023-07-09,2026-07-21,Lapsed
503302,1013,Life,,2024-03-31,2026-06-25,Pending
503303,4711,Life,,2023-12-10,2028-08-30,Lapsed
503304,6495,Medical,,2023-07-05,2026-10-03,
503305,3422,,,2023-02-02,2026-12-05,Lapsed
503306,1543,Life,4723,2025-02-15,2028-10-27,
503307,2491,Life,7764,2023-10-10,2026-10-09,
503308,827,Travel,5860,2023-09-30,2026-09-14,
503309,3442,,,2023-06-25,2028-08-27,
503310,6915,Life,,2024-03-22,2026-11-10,
503311,4208,Travel,,2025-02-22,2028-07-03,
503312,2334,,,2023-02-13,2027-02-05,Active
503313,6908,Life,,2024-12-19,2028-04-24,
503314,2442,,10379,2022-06-04,2028-07-02,Pending
503315,1122,,,2024-12-17,2028-12-17,
503316,6669,,,2023-11-30,2026-11-04,Lapsed
503317,4263,,,2022-05-13,2027-08-26,
503318,5709,Travel,12850,2023-04-11,2027-09-04,Active
503319,6592,Life,10300,2022-06-19,2027-05-14,Pending
503320,1305,,,2025-01-22,2028-03-07,Active
503321,6313,,9706,2022-10-18,,Active
503322,6370,Gadget,4817,2024-05-12,2026-06-29,Pending
503323,1960,Motor,,2022-10-03,2027-01-10,
503324,4136,Travel,,2023-04-18,2028-11-04,Lapsed
503325,488,Gadget,,2022-12-06,2027-09-16,Pending
503326,5538,,,2024-06-14,2026-04-14,
503327,6479,Motor,13952,2024-03-06,2026-09-11,
503328,1539,,12797,2023-01-08,2027-09-23,
503329,436,Motor,,2024-11-27,2026-04-16,
503330,6395,Gadget,3259,2024-04-02,2026-08-13,Pending
503331,3886,Medical,,2023-07-27,2027-09-02,
503332,1122,Medical,8080,2022-04-13,2028-07-31,
503333,4421,,1529,,2026-09-02,
503334,470,Travel,13392,2023-09-01,2029-02-16,Lapsed
503335,3900,Medical,4855,2022-12-15,2027-12-11,Pending
503336,6660,Travel,,2023-06-01,2028-03-27,Pending
503337,2550,,,2024-08-22,2027-06-28,Lapsed
503338,1276,Gadget,,2022-08-02,2028-07-08,Pending
503339,6578,Medical,,2022-05-03,2029-02-09,Active
503340,3327,Medical,1042,2022-08-15,2027-01-29,
503341,5527,Life,,2022-06-23,2027-03-15,Active
503342,4505,,9112,2023-07-17,2026-06-08,
503343,3938,Life,14805,2024-04-04,2028-06-27,Lapsed
503344,5446,Motor,,2025-02-12,2027-01-25,Active
503345,1122,,,2024-07-29,2028-11-05,
503346,2156,Life,,2023-05-13,2026-12-28,Pending
503347,350,,,2022-04-04,2027-01-10,Pending
503348,2171,Gadget,,2022-10-09,2027-11-03,
503349,259,Travel,,2024-12-14,2026-05-07,
503350,5711,Travel,,2023-03-28,2028-09-18,
503351,2453,,8939,2024-07-10,2027-07-16,
503352,2003,,,2024-02-23,2026-03-21,
503353,177,Life,,2023-06-26,2027-07-28,Lapsed
503354,1838,,1637,2023-08-27,2027-10-26,
503355,2430,,795,2023-01-10,2026-09-05,Pending
503356,4066,Life,,2024-04-10,2028-08-23,Pending
503357,3959,Travel,,2023-09-17,2028-11-30,Lapsed
503358,3918,Motor,,2025-03-15,2028-05-18,
503359,1604,,,2023-12-12,2027-01-24,
503360,287,,,2023-06-26,2028-08-02,Pending
503361,6446,Medical,,2024-01-11,2027-01-25,
503362,6091,Motor,,2024-11-01,2026-04-10,
503363,5036,Gadget,,2024-08-29,2028-07-10,
503364,4555,Gadget,,2023-08-16,2029-01-09,Active
503365,5041,Medical,,2022-03-24,2026-04-18,
503366,4868,Medical,,2024-06-30,2027-05-22,
503367,3709,Motor,,2024-01-11,2027-05-06,Pending
503368,5840,Travel,,2025-02-16,2028-09-24,
503369,6585,Medical,,,2026-07-23,
503370,2360,Motor,,2025-03-13,2027-07-25,Pending
503371,2214,,,2023-09-02,2028-02-08,Active
503372,2310,,7954,2024-03-08,2028-02-27,Active
503373,2549,Motor,3169,2023-05-26,2026-07-01,
503374,5849,Travel,9147,2023-02-02,2027-07-07,
503375,2968,,,2022-12-19,2027-08-26,
503376,2996,,,2024-06-18,2027-06-23,
503377,4207,Motor,351,2022-08-18,2027-09-07,
503378,1097,Gadget,10458,2025-02-14,2026-10-23,
503379,2213,,,2023-05-15,2028-04-24,
503380,1634,Travel,12982,2023-12-29,,Pending
503381,5538,Life,,2024-01-23,2027-09-01,Pending
503382,6527,Motor,,2022-03-26,2027-11-28,Pending
503383,5288,Medical,2311,2024-07-21,2026-09-13,
503384,1662,Medical,,2024-03-02,2026-10-06,Active
503385,988,Travel,1509,2022-08-20,2027-11-26,
503386,3122,Medical,,2022-10-10,2027-02-26,Pending
503387,5616,,811,2023-07-31,2026-07-28,Lapsed
503388,4875,Medical,,2022-08-29,2028-05-17,Pending
503389,3994,,,,2026-07-28,Lapsed
503390,3004,Life,10880,2023-07-05,2027-11-06,Pending
503391,2844,Medical,10697,2023-10-23,2027-10-31,Pending
503392,3796,Travel,,2022-08-21,2026-12-08,Lapsed
503393,6716,Travel,,2025-02-11,2028-12-23,Pending
503394,2816,Gadget,,2022-09-11,2027-10-30,Lapsed
503395,2393,Motor,,2024-11-26,2028-12-19,Lapsed
503396,575,,,2025-02-01,2026-06-28,
503397,3261,Motor,,2023-03-08,2028-07-15,Active
503398,5110,Motor,741,2024-02-11,2028-10-09,
503399,5451,Travel,,2023-03-24,2027-11-10,Active
503400,4250,Medical,,2023-06-12,2028-02-16,Active
503401,5783,,,2022-04-13,,Pending
503402,6079,Motor,,2024-08-19,2029-01-09,Lapsed
503403,1683,Medical,10850,2022-10-16,2026-06-15,Active
503404,1202,Medical,,2023-01-11,2027-07-04,Active
503405,147,,5579,2024-10-29,2026-08-02,Active
503406,1767,Gadget,,2022-09-28,2027-08-18,Lapsed
503407,2792,Motor,14968,2024-12-01,2028-10-06,
503408,271,Travel,,2024-01-18,2026-08-20,Active
503409,16,,,2022-10-01,2027-12-04,Lapsed
503410,2964,Travel,,2024-11-15,2029-02-11,Lapsed
503411,3584,Gadget,,2024-07-01,2027-08-27,
503412,4243,Motor,10619,2023-07-22,2027-08-16,
503413,6599,Medical,,2024-03-31,2026-03-21,Active
503414,4020,,,2024-08-06,2029-03-17,
503415,5808,Motor,,2024-04-22,2027-07-13,
503416,1032,Travel,4099,2025-02-12,2026-07-11,
503417,4146,Travel,,2024-02-24,2026-06-14,Active
503418,1725,,,2022-03-24,2028-09-22,
503419,2952,Travel,,2024-12-22,2026-12-20,
503420,13,,,2023-12-12,2027-04-28,
503421,1226,Medical,,2025-03-18,2028-01-05,
503422,659,,,2022-09-08,2026-05-26,Pending
503423,4530,Travel,,2024-11-13,2028-10-15,Active
503424,3479,Motor,,2025-02-14,2026-04-02,Active
503425,1977,Medical,12492,2024-05-25,2029-02-08,
503426,3946,,,2023-02-11,2027-12-21,
503427,2206,,3099,2025-03-01,2028-03-06,Pending
503428,5086,,,2023-05-06,2027-09-05,Pending
503429,2973,Motor,14818,2022-05-21,2027-06-23,Pending
503430,2621,Life,,2022-08-12,2026-12-18,
503431,3619,Life,,2024-06-19,2026-07-26,Lapsed
503432,6088,Medical,13865,2022-08-08,2028-12-31,
503433,1392,Travel,,2022-12-22,2027-04-24,Lapsed
503434,5913,Travel,,2023-08-15,2026-06-12,
503435,4473,,,2023-08-10,2029-03-03,Active
503436,3178,Medical,2730,2023-06-05,2028-08-24,Active
503437,4928,Motor,,2025-02-12,2026-08-30,
503438,2419,Life,,2025-02-09,2027-04-05,
503439,2158,,,2022-09-25,2027-09-11,Lapsed
503440,5925,,,2022-11-01,2026-06-11,Active
503441,2342,,,2022-06-29,2027-03-30,
503442,5384,,,2022-11-21,2027-10-13,Active
503443,4058,Travel,,2025-03-03,2026-04-12,Lapsed
503444,2379,,,2023-03-03,2026-06-06,
503445,2472,Travel,4063,2024-08-15,2028-04-05,Pending
503446,6423,,,2022-07-22,2027-03-27,Active
503447,2272,Life,,2024-09-10,2027-12-02,
503448,2221,,,2023-02-06,2026-04-07,Active
503449,3201,Medical,,2022-04-09,2026-10-03,
503450,246,Medical,,2024-06-21,2028-06-13,Lapsed
503451,6665,Medical,,2022-08-17,2026-05-24,Pending
503452,2344,Travel,,2025-03-11,2028-02-21,Active
503453,6300,,,2023-04-19,2029-01-07,
503454,609,,14052,2022-05-12,2027-08-01,
503455,352,Motor,,2023-11-23,2029-02-02,Active
503456,3720,Gadget,10701,2024-05-19,2027-02-24,
503457,293,Medical,,2023-08-19,2027-02-18,
503458,3527,Gadget,,2024-11-06,2029-02-04,Active
503459,3184,Motor,,2025-02-13,2026-10-17,
503460,4812,Travel,,2023-10-27,2026-11-21,Active
503461,4173,Gadget,,2023-12-01,2027-05-20,Lapsed
503462,1611,,10938,2023-06-28,2026-06-25,Pending
503463,4176,,7335,2022-07-15,2026-07-29,
503464,3628,,14634,2022-09-16,2027-07-08,Pending
503465,5008,,,2024-11-18,2029-02-22,Lapsed
503466,436,,,2023-12-25,2027-03-27,
503467,3765,Medical,11166,,2027-07-20,Lapsed
503468,3858,Gadget,1719,2022-04-17,2027-06-25,Lapsed
503469,4008,Life,,2024-01-23,2026-11-10,
503470,3261,Motor,,2025-02-06,2026-05-12,
503471,1817,Life,6127,2022-05-15,2027-05-31,Pending
503472,4131,,,2024-09-21,2027-03-08,
503473,4679,Motor,,2023-05-17,2026-04-10,Lapsed
503474,212,,9451,,2028-04-23,
503475,4379,Motor,,2022-07-04,2028-05-22,
503476,2781,,,2025-02-14,2028-03-09,
503477,2186,Travel,,2024-03-12,2028-12-13,Lapsed
503478,4683,Motor,,2023-10-31,2029-02-09,Active
503479,5793,,,2022-10-21,2026-10-24,
503480,5867,Motor,,2022-06-17,2026-11-10,Pending
503481,485,Medical,,2024-09-11,2026-04-14,Lapsed
503482,2806,,,2025-03-02,2027-10-28,Active
503483,3979,Life,,2023-11-02,2027-04-16,
503484,6597,Gadget,,2024-06-17,2028-07-19,Active
503485,2534,Travel,,,2028-10-26,Lapsed
503486,835,Motor,3098,2024-12-19,2027-07-12,
503487,6843,Medical,,2024-01-21,2029-02-09,Active
503488,2048,Motor,2213,2023-06-10,2028-01-01,Active
503489,5557,Travel,,2022-04-23,2027-06-13,
503490,2470,Life,9231,2023-01-13,2026-06-11,Lapsed
503491,1162,,,2023-05-09,2028-05-10,Pending
503492,4102,Gadget,,2023-01-07,2028-08-09,Lapsed
503493,3167,Medical,2303,2024-09-09,2028-02-03,Lapsed
503494,2978,Travel,,2024-06-12,2027-06-28,
503495,2609,Travel,12674,2024-12-04,2027-02-10,Pending
503496,1824,,,2024-12-13,2029-01-31,
503497,4381,,,2023-05-07,2026-09-10,Lapsed
503498,378,,,2024-10-25,2027-02-12,Active
503499,6646,Motor,13537,2023-07-27,2027-04-17,Active
503500,6593,Medical,1539,2024-09-23,2028-05-13,Lapsed
503501,6561,Gadget,,2024-01-09,2027-03-29,
503502,742,,,2023-10-03,2027-04-25,Lapsed
503503,785,Travel,12123,2022-12-29,2027-07-14,Lapsed
503504,561,Gadget,,2024-05-16,2028-09-02,
503505,2183,Life,,2022-04-24,2028-12-11,
503506,5860,,5684,2024-05-08,2029-01-04,
503507,2829,Motor,,2023-11-13,2027-12-30,Active
503508,5844,Gadget,,2022-04-30,2028-03-03,
503509,2436,Travel,,2024-08-02,2026-10-04,Lapsed
503510,1343,,,2023-01-25,2027-02-05,Pending
503511,1221,Travel,,2024-03-08,2026-08-05,Pending
503512,5072,Travel,8243,2023-06-08,2027-12-20,
503513,124,Travel,,2024-01-21,2028-01-19,Pending
503514,6891,Medical,,2025-02-17,2026-04-22,Active
503515,1868,,6078,2022-06-26,2028-05-17,Lapsed
503516,4174,Motor,,2022-06-01,2026-11-15,Pending
503517,5903,Medical,,2023-03-31,2028-08-11,Active
503518,2949,,9159,2022-03-24,2028-12-30,Pending
503519,3346,,10338,2024-02-04,2026-10-08,Lapsed
503520,1864,Medical,,2023-05-21,2027-06-19,
503521,6280,Motor,,2024-06-22,2026-09-12,Active
503522,3545,,,2022-07-10,2026-08-22,
503523,371,,,2022-03-30,2028-11-17,
503524,4250,,7650,2022-10-29,2028-05-05,Pending
503525,1611,Travel,,2022-04-08,2027-02-14,
503526,6982,Life,,2023-11-19,2028-09-06,Active
503527,4513,Medical,,2025-01-29,2028-05-02,
503528,1046,Gadget,,2025-03-14,2028-06-02,Active
503529,4352,,1779,2022-09-14,2026-12-08,
503530,5085,Medical,,2024-03-20,2028-08-30,
503531,1605,Motor,,2024-07-30,2027-04-07,Pending
503532,5761,,,2022-09-25,2028-11-23,Active
503533,854,Medical,3346,2022-04-19,2026-03-26,
503534,35,,9379,2023-06-18,2026-04-05,Pending
503535,5304,Gadget,,2024-04-30,2027-04-17,
503536,1247,Medical,,2023-08-28,2027-10-07,
503537,1150,,11882,2023-12-11,2028-07-25,Active
503538,2177,Life,11318,2022-11-09,2027-04-15,Lapsed
503539,4906,Medical,,2023-02-01,2028-07-19,
503540,3642,Gadget,10643,2024-10-19,2026-06-07,Lapsed
503541,3928,,,2024-12-30,2028-09-10,Active
503542,1253,Travel,,2022-10-18,2028-05-29,
503543,2270,Life,6900,2024-06-29,2028-09-08,
503544,6880,,,2023-11-20,2029-03-17,Lapsed
503545,4960,Travel,,2023-04-23,2026-04-10,Pending
503546,5717,Medical,,2024-07-09,2028-08-06,Lapsed
503547,3520,Gadget,,2024-08-02,2027-06-14,Lapsed
503548,6608,,,2024-04-04,2028-03-24,Lapsed
503549,5380,Motor,,2024-03-17,2027-12-31,Lapsed
503550,5627,Life,,2022-09-24,2027-05-11,Active
503551,5137,,,2024-09-16,2028-06-11,Active
503552,4685,,,2024-05-20,2028-04-15,Lapsed
503553,4451,Gadget,4204,2025-01-22,2027-07-04,Lapsed
503554,2984,,,2024-01-21,,
503555,1442,Motor,10302,2024-05-05,2026-06-02,
503556,4536,Life,,2023-12-27,2028-02-03,Active
503557,523,Life,,2023-06-09,2027-01-18,Pending
503558,5092,Medical,,2024-08-31,2027-09-04,Pending
503559,3033,,,2023-08-05,2028-05-14,Pending
503560,1320,Motor,,2022-08-27,2028-03-16,
503561,4749,,,2023-09-07,2028-04-19,
503562,664,,,2025-01-01,2026-06-11,
503563,3172,Life,,2022-06-22,2026-12-13,Lapsed
503564,1160,Life,,2024-10-30,2027-01-05,
503565,3319,Medical,,2022-11-11,2028-05-08,
503566,6354,,823,2025-02-20,2027-08-31,Lapsed
503567,903,Medical,,2023-04-04,2026-04-12,Pending
503568,4414,Travel,11958,2024-11-27,2026-06-21,Pending
503569,1009,Travel,,2024-02-07,2028-05-30,Active
503570,5678,Travel,,2023-03-13,2026-06-04,Pending
503571,1223,Travel,,,2027-04-10,
503572,127,Motor,,2023-02-22,2028-06-29,
503573,5502,Motor,11121,2022-03-24,2028-10-04,Active
503574,6157,Gadget,8120,2023-03-12,2026-10-13,Active
503575,6530,Gadget,,2023-05-03,2026-06-01,Pending
503576,6892,,,2024-10-25,2026-08-01,Active
503577,1053,Travel,,2023-05-24,2026-09-08,Active
503578,859,,,2023-06-11,2028-09-02,Lapsed
503579,4584,,,2023-12-14,2027-07-19,Pending
503580,3410,,1456,2023-11-09,2027-11-09,Pending
503581,6074,Travel,3542,2023-10-25,2027-10-15,
503582,3586,Motor,,2022-10-16,2026-11-19,
503583,1979,Travel,13720,2022-05-02,2026-06-25,Active
503584,2997,,,,2026-10-26,Active
503585,4804,Travel,,2023-12-17,2028-01-31,
503586,317,Motor,,2025-03-16,2028-10-07,
503587,2734,Life,,2022-07-12,2027-01-01,Active
503588,3400,Motor,,2022-04-15,2027-10-08,
503589,4708,,,2023-10-28,2028-03-30,Lapsed
503590,4667,,2083,2023-12-31,2028-03-17,
503591,304,Travel,,2023-09-06,2027-12-07,Pending
503592,1929,Motor,1983,2022-05-30,2026-06-20,Active
503593,2450,Gadget,,2024-09-11,2029-02-23,Active
503594,5426,Life,6186,2023-06-07,2026-08-05,
503595,1878,Life,5903,2022-05-12,2026-04-24,
503596,749,Life,9250,2023-06-03,2028-02-02,Lapsed
503597,3275,,,2023-05-28,2029-03-11,Pending
503598,3227,,,2022-05-19,2028-04-10,
503599,416,Motor,,2022-07-12,2026-06-26,
503600,6722,Gadget,,2023-10-02,2028-12-17,
503601,222,,,2023-06-11,2028-04-24,Active
503602,3414,Medical,797,2025-01-27,2027-04-14,Pending
503603,6296,Gadget,,2024-04-27,2027-12-18,
503604,3931,Gadget,,2025-03-02,2029-03-06,Active
503605,2763,Travel,,,2028-10-13,Lapsed
503606,6010,Gadget,11885,2022-07-28,2027-12-30,Active
503607,4827,Motor,,,2027-06-14,
503608,6287,Life,,2022-12-20,2027-06-28,
503609,1008,,,2023-08-09,2028-01-14,Lapsed
503610,6512,Gadget,,2024-09-02,2028-04-17,
503611,4529,Gadget,,2022-09-23,2028-01-06,
503612,657,Medical,4717,2022-06-02,2027-01-20,Lapsed
503613,3367,Medical,,2022-05-14,2028-04-13,Pending
503614,4809,,,2022-07-01,2028-02-21,Active
503615,5207,Travel,8204,2024-04-20,2026-09-15,Pending
503616,6148,,,2022-12-30,2027-02-28,Lapsed
503617,4537,Medical,,2023-01-01,2027-11-03,
503618,1551,,,2024-03-03,2028-10-24,Lapsed
503619,5291,,1225,2023-04-21,2026-09-28,
503620,892,,12652,2024-08-30,2028-07-12,
503621,3999,Travel,,2022-10-11,2028-01-28,Lapsed
503622,3334,Motor,,2022-08-24,2027-06-07,Pending
503623,3905,Life,,2024-08-07,2026-12-22,Active
503624,1366,Medical,,2023-07-12,2026-08-20,Lapsed
503625,1054,Motor,,2024-08-11,2027-12-14,Active
503626,6970,Life,,2022-04-01,2026-10-30,Lapsed
503627,4182,,,2024-01-05,2026-12-19,Lapsed
503628,5857,Motor,,2022-12-06,2028-01-03,Lapsed
503629,709,Motor,,2023-09-22,2026-05-26,
503630,2468,Motor,,2025-03-03,2026-09-04,Pending
503631,302,Motor,,2024-05-02,2027-05-01,
503632,3457,Medical,,2022-09-14,2028-10-28,Pending
503633,3317,Gadget,6236,2024-07-10,2028-10-20,Active
503634,1420,Motor,,2024-12-04,2026-11-06,
503635,6001,,,2023-12-26,2027-06-08,Active
503636,6269,,,2023-11-12,2026-08-09,Lapsed
503637,6154,Life,,2022-10-10,2027-09-21,
503638,2042,Medical,13896,2023-11-17,2029-03-16,
503639,3922,,,2023-10-25,2028-09-17,Lapsed
503640,4845,Medical,,2025-03-17,2026-06-13,
503641,1396,,4248,2024-03-02,,Active
503642,4279,Motor,13139,2022-09-24,2027-06-20,Pending
503643,689,Motor,,2022-11-12,2028-09-05,Pending
503644,3255,,7938,2024-02-19,2027-12-29,Pending
503645,1860,Life,1357,2023-03-13,2028-03-26,
503646,809,Gadget,,2024-07-14,2026-05-31,Pending
503647,3255,Medical,,2022-08-31,2027-06-07,Pending
503648,3018,Motor,,2022-10-25,2027-05-27,Lapsed
503649,458,Travel,5505,2022-06-08,2026-12-13,Active
503650,719,Travel,,2022-04-24,2026-07-13,
503651,5701,Motor,,2023-07-18,2026-04-23,Lapsed
503652,6002,Travel,,2022-08-01,2028-08-31,Lapsed
503653,2731,Life,6266,2023-04-29,2026-11-20,
503654,1517,Gadget,1822,2023-08-26,2028-08-11,Lapsed
503655,2513,,10174,2023-08-11,2026-10-09,
503656,1106,Travel,13430,2024-02-09,2028-03-19,
503657,313,Life,,2024-06-20,,Active
503658,1840,Travel,976,2025-01-31,2026-10-11,
503659,4914,,,2024-05-21,2028-04-07,Lapsed
503660,3013,Life,955,2023-02-13,2027-02-26,Lapsed
503661,3976,Life,,2023-10-21,2028-06-13,Active
503662,2744,Motor,,2023-07-08,2027-12-29,Active
503663,622,Medical,,2022-07-08,2027-09-05,
503664,3035,Life,,2022-08-02,2026-11-01,
503665,5337,Travel,,2025-02-27,2027-03-17,Pending
503666,4212,Motor,,2022-10-15,2026-09-06,Lapsed
503667,5530,Medical,,2025-03-10,2028-11-30,Pending
503668,1645,Gadget,8361,2024-03-08,2028-12-01,Lapsed
503669,3351,Life,,2024-09-04,2028-12-03,Active
503670,3625,,2922,2023-02-21,2028-08-04,Pending
503671,87,Life,,2022-04-04,2026-04-13,Lapsed
503672,3165,Medical,4204,2024-05-21,2028-02-03,
503673,1249,Motor,,2022-06-16,2027-10-07,
503674,3387,,,2024-12-08,2027-06-02,
503675,2303,,9422,2024-04-12,2026-11-12,Lapsed
503676,3062,Gadget,,2022-08-20,2026-12-11,
503677,3346,Medical,,2023-05-18,2026-09-10,
503678,2375,Gadget,,2023-03-14,2029-03-10,
503679,6368,Medical,10307,2024-09-30,2026-06-07,Active
503680,5097,,9923,2023-05-23,2026-08-11,Pending
503681,5831,Motor,,2024-12-27,2027-02-17,Lapsed
503682,3964,Travel,,2022-10-23,2027-06-10,
503683,136,Medical,,2024-07-15,2029-02-28,
503684,5746,Travel,,2024-11-07,2027-04-07,Active
503685,5562,Medical,7438,2023-11-28,2027-06-07,Lapsed
503686,362,Life,,2023-05-15,2028-11-18,Lapsed
503687,3345,Motor,,2023-03-19,2027-05-19,
503688,1843,Life,,2022-10-02,2027-07-23,Lapsed
503689,3489,Gadget,10917,2023-05-12,2028-10-21,
503690,4674,Travel,,2022-06-30,2026-09-08,
503691,5308,Gadget,,2022-08-05,2028-10-19,
503692,3044,,13048,2024-06-11,2028-04-16,Active
503693,5398,,,2024-09-27,,Active
503694,3104,Travel,,2024-02-03,2027-09-03,
503695,6553,Travel,,2022-09-19,,Lapsed
503696,6897,Motor,,2024-11-18,2027-03-20,Pending
503697,136,Gadget,,2022-08-19,2028-07-27,
503698,6113,Life,,2023-06-01,2027-09-01,Pending
503699,1087,Life,7686,2022-08-20,2029-02-15,
503700,209,Travel,12547,2022-08-30,2028-06-01,
503701,2088,Travel,7250,2024-05-10,2026-05-25,Lapsed
503702,5805,Travel,1641,2022-10-10,2027-10-16,
503703,514,Gadget,,2022-10-28,2027-08-16,Active
503704,1792,,,2022-09-11,2028-03-22,Active
503705,1841,Gadget,,2024-01-31,2026-06-08,
503706,3047,Medical,,2023-11-23,2028-05-30,
503707,5360,,,2023-12-13,2026-12-27,Pending
503708,4849,Life,,2024-12-17,2027-05-06,Lapsed
503709,2591,Travel,,2025-01-02,2027-02-26,
503710,2628,Gadget,,2023-08-10,2027-09-14,
503711,2394,,10003,2024-02-28,2028-11-02,
503712,1417,Medical,,2023-11-19,2028-12-23,Active
503713,5087,Travel,10546,2023-03-10,2027-01-11,Active
503714,1034,Life,,2024-02-11,2026-08-16,Pending
503715,4147,,,2023-10-24,2026-09-23,Lapsed
503716,1196,Gadget,12812,2022-10-07,2028-05-04,
503717,3098,Travel,,2023-03-01,2027-12-20,Active
503718,1359,Motor,,2022-08-02,2027-03-05,Active
503719,5070,,,2022-03-27,2028-08-15,
503720,748,Motor,8089,2024-03-01,2027-11-03,
503721,5116,Life,,2024-10-01,2028-02-05,
503722,5107,Medical,,2023-12-24,2029-03-13,Lapsed
503723,5013,Medical,13828,2024-04-09,2027-01-09,
503724,4716,,12831,2024-03-06,2026-10-04,
503725,5723,,1711,2022-10-26,2026-11-10,Active
503726,2078,Motor,699,2024-01-10,2028-09-30,Pending
503727,4807,,,2023-07-14,2028-06-23,Lapsed
503728,4325,,5954,2023-02-18,2028-12-02,
503729,5775,Life,,2022-08-02,2027-01-06,
503730,2640,Motor,,2024-04-11,2026-07-09,Active
503731,3195,,13022,2022-09-10,2028-06-24,Pending
503732,4331,Travel,,2023-02-12,2026-05-17,Active
503733,3515,Gadget,,2022-11-04,2028-12-30,Active
503734,6769,,,2024-09-26,2026-12-02,Pending
503735,870,Medical,,2023-05-13,2028-02-13,Active
503736,6484,Gadget,3813,2024-08-27,2027-09-24,Active
503737,4054,,13126,2022-10-18,2026-09-16,Active
503738,838,Life,,2024-01-15,2029-02-25,Pending
503739,5620,,1737,2023-07-10,2028-09-30,Active
503740,6760,Life,12315,2024-09-04,2028-11-13,Pending
503741,660,Motor,,2024-05-25,2026-10-12,
503742,3269,Life,,2022-07-27,2026-04-23,
503743,3275,Gadget,,2024-08-14,2027-06-22,Active
503744,1154,Medical,,2024-12-31,2027-04-19,
503745,2696,Motor,,2023-08-24,2027-03-03,
503746,6952,Life,6721,2022-05-23,2027-06-27,Pending
503747,6010,Travel,,2024-08-12,2027-07-16,
503748,1672,Life,,2022-12-28,2027-07-08,
503749,5863,,6428,2024-07-07,2028-01-25,Active
503750,5219,Medical,4530,2023-04-03,2027-01-01,Pending
503751,5150,Motor,,2023-09-21,2027-04-13,
503752,6529,Medical,,2024-02-28,2026-06-21,Pending
503753,197,Gadget,,2022-08-22,2027-02-14,
503754,64,Gadget,,2023-04-08,2028-05-27,
503755,2084,Life,,2023-12-05,2028-10-28,Active
503756,2639,Travel,,2023-07-04,2027-08-05,
503757,6135,Travel,,2024-02-22,2026-10-25,Lapsed
503758,2737,,5027,2024-03-20,2028-03-02,
503759,2129,Motor,13598,2024-11-28,2027-09-15,Pending
503760,3789,Life,5444,2024-02-05,2028-11-12,Active
503761,6680,Medical,,2024-07-28,2026-09-29,Lapsed
503762,619,Life,,2022-10-24,2027-09-08,Lapsed
503763,4848,Travel,12971,2023-06-12,2029-03-03,Pending
503764,2799,Medical,,2023-03-27,2028-02-13,Active
503765,4475,,,2024-12-08,2026-06-07,Lapsed
503766,1646,Medical,14543,,2026-10-17,Active
503767,589,,2299,2023-02-02,2028-01-13,Pending
503768,1533,Travel,6661,2022-04-14,2026-09-01,Pending
503769,1673,,6997,2024-08-02,2027-05-10,Active
503770,6938,,4642,2022-10-17,2026-03-22,Pending
503771,4911,Motor,,2024-04-04,2027-05-30,Pending
503772,6032,,,2023-12-21,2027-12-02,Lapsed
503773,1258,Life,3407,2024-07-24,2027-06-12,Active
503774,5285,,,2023-12-19,2028-10-12,Pending
503775,107,Travel,13708,2025-03-03,2026-09-19,
503776,4550,Life,,2024-08-16,2026-07-22,
503777,5387,Life,,2023-10-07,2029-03-13,Pending
503778,6018,Motor,,2022-12-30,2027-09-27,
503779,1659,Medical,,2023-03-09,2028-09-12,
503780,1619,,,2024-10-01,2028-03-19,Lapsed
503781,5911,Travel,,2024-03-30,,Lapsed
503782,3247,Medical,,2024-12-13,2027-08-18,Lapsed
503783,6974,,,2024-11-21,2029-01-08,Pending
503784,4428,Gadget,,2022-08-13,2028-08-22,Pending
503785,1575,,,2022-07-26,2027-09-25,
503786,2438,,,2025-02-28,2026-12-21,Lapsed
503787,5099,Travel,14791,2022-10-16,2026-04-09,Lapsed
503788,1444,Life,,2024-05-28,2028-06-01,
503789,446,Travel,4299,2024-03-06,2026-12-14,Pending
503790,6460,Medical,,2023-06-29,2029-02-24,
503791,5742,Gadget,14918,2024-03-19,2027-10-05,
503792,2852,Motor,,2022-06-11,2027-12-30,Pending
503793,5709,Travel,,2023-05-12,2028-12-25,Lapsed
503794,5448,,,2022-05-17,2028-01-11,Active
503795,6105,,,2024-07-04,2026-04-06,
503796,5464,Motor,,2024-11-19,2028-10-23,Pending
503797,1183,Gadget,,2024-05-28,2028-09-12,Lapsed
503798,4776,,,2024-10-10,2027-01-30,Lapsed
503799,3132,Medical,,2023-02-23,2026-04-04,Lapsed
503800,6541,Gadget,,2024-01-16,2027-05-30,
503801,3933,,13640,2022-09-19,2027-03-07,Lapsed
503802,480,Travel,,2023-01-16,2027-09-22,
503803,2795,Life,,2024-11-17,2027-04-15,Pending
503804,2597,Medical,,2023-12-31,2026-06-28,Lapsed
503805,1275,,,2024-07-19,2026-10-06,Pending
503806,6205,,,2025-03-03,2028-12-22,
503807,4754,,2291,2024-02-07,2027-11-05,Lapsed
503808,986,Travel,9255,2022-10-28,2026-08-17,
503809,402,,,2023-10-30,2027-12-27,
503810,1954,Medical,,2022-09-15,2026-06-06,Pending
503811,310,,,2024-09-04,2028-12-29,Active
503812,1402,Medical,,2024-08-02,2027-07-08,Pending
503813,1311,Travel,,2022-05-16,2028-02-02,
503814,5711,,,2024-08-02,2027-04-01,
503815,3412,,,2024-05-07,2028-11-29,
503816,2908,Life,,2024-09-23,2028-02-08,Lapsed
503817,3652,Life,,2023-01-22,2029-02-06,Pending
503818,3016,,4832,2024-03-07,2026-10-04,Pending
503819,5050,Travel,,2022-04-21,2027-01-09,
503820,4992,Medical,,2022-06-01,2028-05-09,Pending
503821,1234,,,2024-06-20,2027-01-31,
503822,5719,,2693,2024-05-05,2026-05-06,Active
503823,62,Medical,,2023-10-20,2027-11-17,Lapsed
503824,3151,Travel,,2022-05-22,,Pending
503825,4359,Travel,,2024-10-30,2027-10-19,Active
503826,880,Gadget,10172,2023-08-27,2027-01-16,Pending
503827,1183,Life,,2024-05-02,2028-06-24,
503828,4351,Medical,,2022-08-26,2026-07-08,Active
503829,864,Medical,,2022-10-29,2026-04-12,Pending
503830,4136,Medical,,,2027-09-25,Active
503831,5710,Medical,3273,2023-02-28,2027-10-20,Active
503832,2387,Travel,,2023-02-27,2027-08-02,Lapsed
503833,3048,,,2023-07-02,2026-10-04,Lapsed
503834,6224,Life,,2023-10-11,2029-01-26,Active
503835,193,,11684,2022-05-26,2028-01-14,Pending
503836,25,,7538,2024-01-28,2028-04-27,Active
503837,5768,Gadget,8403,2022-05-03,,Pending
503838,3367,,,,2027-04-24,
503839,4872,Travel,,2024-12-25,2028-07-24,
503840,653,Medical,13408,2024-12-04,2028-09-25,Pending
503841,5827,,11666,2024-01-10,2027-01-20,Lapsed
503842,1218,,,2022-06-12,2027-07-22,Pending
503843,2925,,,2022-10-15,2029-02-16,
503844,924,Life,,2024-05-04,2028-05-06,Active
503845,6660,Life,,2023-09-25,2028-04-09,
503846,5399,Motor,8386,2022-09-21,2026-05-17,
503847,1314,Travel,,2023-06-28,2028-07-31,
503848,1975,,2841,2024-07-23,,
503849,3911,,13334,2024-09-11,2027-06-12,Pending
503850,2654,,,2022-11-13,2028-08-03,Active
503851,2377,Life,,2023-06-05,2026-04-12,Pending
503852,1299,,,2023-05-20,2027-03-20,
503853,5769,Travel,,2023-11-07,2029-03-16,Lapsed
503854,1559,Life,,2023-12-03,2028-10-27,
503855,5835,Life,,2025-03-04,2027-07-14,
503856,4621,Gadget,13846,2024-08-31,2026-08-28,Active
503857,1501,Motor,,2023-06-17,2027-06-02,Lapsed
503858,3999,,,2023-07-08,2026-05-22,Active
503859,3400,Travel,,2024-09-01,2026-06-11,Pending
503860,4462,Medical,,2024-11-19,2027-04-25,Lapsed
503861,5907,,14492,2024-04-26,2026-06-08,
503862,5125,Gadget,11252,2023-04-25,2027-09-03,Lapsed
503863,5104,Medical,,2022-04-24,2026-05-10,Pending
503864,4571,,,2024-01-08,2026-10-13,
503865,5543,Gadget,,2024-07-12,2027-07-22,Pending
503866,3448,Life,,2025-02-07,2028-06-04,Pending
503867,1934,Motor,11633,2022-07-22,2026-10-25,
503868,5270,Travel,,2023-05-28,2027-07-12,
503869,3478,Life,,2022-11-18,2028-04-11,Pending
503870,6917,Medical,,2024-11-09,2026-05-23,Pending
503871,4542,,,2024-04-10,2026-11-24,
503872,1460,,,2022-11-21,2027-10-31,Pending
503873,3920,Motor,,2023-01-04,2028-12-14,Active
503874,4890,Medical,,2023-05-24,2026-11-15,Active
503875,6261,,,2022-08-23,2027-03-03,Active
503876,3512,Travel,11591,2024-08-17,2028-03-12,Active
503877,4492,,,2022-07-18,2027-07-17,Pending
503878,4048,,4556,2024-12-23,2026-08-12,Pending
503879,1841,Medical,1327,2022-04-09,2027-08-31,Lapsed
503880,4072,Motor,7367,2022-06-25,2028-12-31,Lapsed
503881,1676,,,,2026-10-01,Lapsed
503882,6533,Travel,11532,2024-08-22,,Lapsed
503883,4708,Life,14664,2022-11-24,2029-03-03,Pending
503884,1628,Life,,2024-06-16,2027-01-07,Lapsed
503885,3708,Motor,2884,2024-09-30,2028-10-31,Pending
503886,6903,Motor,12921,2022-05-17,2027-03-11,Active
503887,435,,,2023-10-26,2028-07-20,Pending
503888,1260,,,2022-08-02,2028-02-04,Lapsed
503889,3588,Motor,13695,2024-04-08,2028-06-11,Pending
503890,6503,,,2023-12-02,2028-11-22,Pending
503891,3943,Medical,,2025-01-01,2027-06-02,
503892,979,,5762,2022-06-13,2026-08-21,Lapsed
503893,4889,Life,1396,2022-08-21,2026-07-29,
503894,5859,Life,,,,
503895,2712,,,2024-03-17,2027-10-20,Pending
503896,1208,Life,7995,2024-12-17,2028-01-25,
503897,4371,Travel,,2025-02-18,2026-09-25,Pending
503898,1619,Gadget,3277,2025-01-20,2028-10-06,Lapsed
503899,608,Motor,,2023-08-21,2027-08-12,Active
503900,3277,Travel,11292,2022-03-22,2028-08-02,Pending
503901,2094,Gadget,,2022-04-26,2027-05-07,
503902,1682,,3293,2023-10-10,,Pending
503903,1213,,13732,2023-12-28,2029-01-26,Lapsed
503904,4679,Motor,,2024-08-03,2027-08-10,Lapsed
503905,3117,Gadget,6257,,2028-03-10,
503906,6872,Life,6158,2024-08-30,2026-04-05,
503907,6777,,,2024-12-29,2027-12-11,
503908,430,Gadget,2026,2024-02-21,2029-02-09,
503909,3089,Motor,9272,2022-09-21,2026-11-10,Active
503910,2377,Travel,8739,2023-01-14,2027-11-22,
503911,3874,Motor,,2024-09-03,2026-10-19,
503912,5170,Gadget,,2024-04-25,2026-09-17,
503913,5495,,,2023-10-12,2028-03-10,Pending
503914,651,Gadget,,2024-05-29,2026-07-12,
503915,5976,Motor,,2024-10-13,2027-05-07,
503916,2730,Life,,2023-01-21,2027-09-28,
503917,4702,,,2022-11-08,2027-12-09,Pending
503918,5117,Motor,,2025-03-17,2026-09-05,
503919,5035,,,2024-05-27,2027-11-08,
503920,6179,Motor,7749,2024-11-10,2028-03-01,
503921,59,Gadget,,2022-04-02,2028-10-15,Active
503922,3071,Medical,,2022-07-06,2027-06-22,Active
503923,2700,Gadget,,,2027-10-03,
503924,524,Gadget,,2022-06-02,2026-04-08,Active
503925,540,Gadget,,2024-10-06,2028-06-17,Active
503926,2781,,9290,2022-08-17,2027-10-14,Pending
503927,3758,Gadget,,2024-07-08,2028-07-16,Lapsed
503928,2925,,7453,2022-06-25,2027-09-25,Active
503929,3880,Life,,,2026-12-01,Lapsed
503930,867,,,2022-12-19,2028-03-28,Active
503931,2845,Travel,,2023-11-16,2026-04-11,Lapsed
503932,2424,,,2024-09-25,2026-11-30,
503933,5248,Motor,9021,2024-12-13,2027-12-31,Lapsed
503934,4038,Motor,,2022-08-14,2029-03-15,Lapsed
503935,2862,Medical,10392,2023-11-16,2028-09-08,
503936,3292,Life,12555,2022-10-12,2026-09-01,
503937,6337,,,2022-09-20,2028-02-13,Active
503938,2845,,,2022-04-30,2027-01-01,Active
503939,3124,,1371,2023-02-15,2027-03-01,Lapsed
503940,3624,Medical,1098,2023-07-04,2028-01-07,
503941,2566,Motor,,2024-12-23,2029-03-07,Lapsed
503942,3237,,,2022-12-21,2027-06-16,
503943,4481,Medical,7933,2022-09-05,2027-11-15,
503944,6733,Gadget,9033,2023-08-11,2027-10-08,Lapsed
503945,3248,,1749,2022-09-11,2026-10-13,Active
503946,5555,Gadget,,2023-05-30,2026-05-16,Pending
503947,5356,,7030,2022-08-24,2027-02-15,Active
503948,6286,Motor,,2025-03-17,2028-02-06,Pending
503949,6479,Medical,5678,2023-04-29,2027-04-07,
503950,4863,Gadget,,2022-09-24,2027-11-06,Active
503951,1932,Life,,2022-11-30,2026-08-20,Lapsed
503952,6569,Life,,2022-11-07,2028-07-31,Pending
503953,4804,Motor,7026,2023-07-17,2026-11-09,
503954,1266,Travel,,2022-06-11,2028-11-21,Lapsed
503955,3820,Travel,,2023-09-09,2026-12-30,Active
503956,107,Medical,,2024-05-04,2027-12-25,
503957,725,Motor,,2023-10-03,2027-06-04,
503958,6018,Motor,5463,2024-04-14,2027-06-04,
503959,2036,Gadget,3938,2022-05-24,2026-10-03,
503960,4693,Gadget,,2025-01-20,2028-06-05,Lapsed
503961,446,,,2024-05-05,2028-07-31,
503962,1337,Life,,2024-04-09,2026-08-08,
503963,4930,Life,,2023-11-09,2027-01-26,
503964,4171,Motor,,2024-08-24,2028-09-01,
503965,1701,,2579,2024-10-10,2028-12-25,Active
503966,6734,Gadget,,2022-04-15,2027-11-25,Lapsed
503967,2479,Gadget,7341,2023-05-04,2029-01-25,
503968,5309,Motor,,2023-01-22,2028-02-25,Pending
503969,340,Life,5729,2024-01-21,2027-07-19,Active
503970,4323,Gadget,,2024-04-19,2027-01-02,Lapsed
503971,3355,Travel,,2024-10-11,2027-08-09,Lapsed
503972,4785,Medical,,2024-08-29,2028-01-21,
503973,3516,,12932,2023-09-06,2028-04-12,Active
503974,5574,,,2024-09-28,2028-10-28,Lapsed
503975,2631,Life,,2023-04-10,2026-05-05,Active
503976,257,,,2025-02-01,2026-07-04,Lapsed
503977,5901,Travel,,2022-05-14,2026-11-08,
503978,5414,Motor,,2022-04-10,2027-11-27,
503979,5094,,,2023-06-05,2028-06-16,
503980,356,Motor,,2022-12-31,2027-05-31,Lapsed
503981,6273,Medical,14343,2023-04-10,2028-04-22,Lapsed
503982,4993,,2666,2023-09-01,2028-07-25,Active
503983,5715,Gadget,,2022-04-28,2028-09-08,
503984,1526,Travel,,2024-10-16,2028-04-30,Active
503985,3955,,,2023-01-10,2026-06-02,Active
503986,6814,Gadget,11653,2022-08-12,2026-06-10,Pending
503987,5581,,,2022-11-10,2026-11-20,Pending
503988,1387,,,2022-10-04,2027-11-18,
503989,969,,,,2028-03-13,
503990,4621,Travel,8173,2023-08-24,2027-04-03,
503991,807,,,2024-07-25,2026-04-12,
503992,1556,Motor,,2024-09-06,2026-12-14,
503993,985,Motor,,2022-06-07,2028-02-20,Pending
503994,6708,,,2023-02-10,2027-02-19,Pending
503995,6002,Gadget,,2024-08-19,2027-04-30,Pending
503996,4505,Gadget,2145,2024-05-26,2026-10-20,Active
503997,5082,Travel,1916,2024-06-17,2026-06-26,Lapsed
503998,1464,Medical,9422,2024-03-06,2027-06-08,
503999,3542,Motor,,2024-07-19,2028-01-21,Active
504000,1409,Travel,,2022-09-04,2028-07-19,
504001,1608,Life,,2024-10-24,2027-08-11,Lapsed
504002,4580,,,2024-10-29,2028-06-02,
504003,6321,,14017,2024-11-04,2027-01-10,
504004,534,,7589,2022-08-31,2026-03-22,Lapsed
504005,6514,Gadget,,2022-08-26,,Pending
504006,3048,,,2024-11-29,2028-05-25,Pending
504007,2517,Motor,8015,2025-03-03,2027-06-18,Lapsed
504008,1621,Medical,,2024-12-03,2027-04-20,Pending
504009,1567,,,2022-08-15,2027-12-12,Pending
504010,1769,Medical,9749,2022-11-08,2028-12-10,Pending
504011,923,Life,,2023-01-29,2026-09-03,
504012,4866,Gadget,,2024-09-20,2027-01-18,Lapsed
504013,5497,Gadget,,2024-03-09,2028-07-19,Lapsed
504014,6493,Travel,,2023-10-06,2027-01-13,Active
504015,3578,Life,,2024-12-21,2026-09-05,
504016,1002,,,2023-02-26,2027-01-27,
504017,3566,,,2024-03-02,2026-09-03,Active
504018,5418,Medical,,2023-03-15,2027-09-06,
504019,2440,Medical,,2024-12-16,2026-08-04,Pending
504020,5411,,,2024-01-03,2028-06-27,Lapsed
504021,4717,Life,9229,2022-09-02,2027-05-19,Active
504022,547,Life,,2022-04-08,2028-12-11,
504023,2951,Medical,,2023-09-17,,Pending
504024,5655,Life,,2023-09-28,2028-04-23,
504025,3819,Life,3711,2023-04-26,2027-02-24,Pending
504026,302,Gadget,1246,2024-10-30,2026-04-28,Active
504027,4883,Life,,2023-03-07,2027-08-23,Lapsed
504028,4175,Medical,,2023-01-02,2028-11-22,
504029,6728,Motor,,2023-11-03,2027-07-23,Lapsed
504030,609,Medical,12085,2022-05-29,2028-08-20,Pending
504031,483,,,2023-04-26,2027-02-16,Lapsed
504032,1768,,,2022-08-09,2027-04-29,Lapsed
504033,3085,,,2023-02-05,2029-02-18,Lapsed
504034,5554,Gadget,,2022-08-19,2026-05-04,Lapsed
504035,415,Life,1017,2023-11-29,,Lapsed
504036,1735,Medical,,2024-04-13,2026-07-30,
504037,6996,,2416,2024-05-11,2026-10-23,Lapsed
504038,2687,Travel,,2023-09-02,2028-03-16,
504039,934,Motor,,2022-10-06,2027-04-08,
504040,4409,Medical,,2023-07-20,2028-11-04,
504041,6920,Life,,2025-03-08,2027-08-04,Pending
504042,2660,Gadget,,2023-11-29,2028-11-08,
504043,4599,Motor,,2024-09-18,2028-01-29,
504044,6670,,,2024-08-27,2027-08-25,Pending
504045,1374,,,2024-06-07,2027-11-26,Pending
504046,1203,Travel,,2024-10-13,2027-07-19,Lapsed
504047,6665,Travel,,2025-02-04,2027-05-05,
504048,3725,Life,,2024-08-08,2027-02-19,Lapsed
504049,4812,Travel,,2024-02-22,2027-01-03,Lapsed
504050,2242,,,2023-02-13,2028-03-22,Lapsed
504051,6694,Motor,,2023-04-15,2027-02-04,Lapsed
504052,1557,,,2023-06-03,2026-07-10,
504053,1693,Travel,11540,2022-04-19,2027-11-04,
504054,4692,,7696,2023-09-07,2028-01-08,
504055,896,Life,12201,2023-06-17,2027-04-16,
504056,1202,,,2025-01-31,2026-03-21,Pending
504057,2752,Travel,13728,2023-02-12,2028-05-22,Lapsed
504058,5504,Gadget,,2023-02-13,2028-02-09,
504059,2825,,,2022-08-11,2029-03-18,
504060,4367,,,2023-04-11,2027-03-18,
504061,2997,,13054,2022-07-23,,
504062,4833,Motor,,2023-04-05,2028-11-26,Lapsed
504063,2229,,,2025-01-26,2028-12-06,Pending
504064,4355,,,2024-03-04,2028-09-13,
504065,5975,,7396,2024-07-14,2026-10-09,Pending
504066,2070,,3895,2022-06-03,2028-08-10,Pending
504067,2343,Life,5640,2022-08-06,2028-06-19,Lapsed
504068,1997,Life,,2023-03-17,2027-04-28,Pending
504069,4620,Gadget,,2023-10-17,2027-06-24,Active
504070,6690,Life,,2024-04-17,2026-11-11,
504071,5421,Medical,,2023-12-14,2026-07-08,Active
504072,1377,Life,,2022-09-08,2028-03-21,Lapsed
504073,1787,,209,2024-10-29,2028-05-05,
504074,867,,4873,2023-10-14,2027-01-30,Pending
504075,807,Travel,,2022-12-20,2026-06-02,Pending
504076,4355,Life,,2022-05-19,2026-10-04,
504077,5295,Motor,,2024-07-18,2027-09-06,Lapsed
504078,524,Life,12603,2024-12-31,2028-03-31,Active
504079,1579,Motor,,2022-04-11,2027-09-07,Lapsed
504080,333,,,2024-07-17,2026-06-20,Pending
504081,3448,,,2024-09-17,2028-09-09,Lapsed
504082,707,,,2024-07-25,2027-07-02,Lapsed
504083,3582,Gadget,,2022-08-30,2028-10-15,Pending
504084,5906,Medical,9273,2025-03-08,2027-12-02,
504085,1647,Travel,,2023-06-25,,
504086,4186,Medical,14365,2023-01-29,2026-06-08,Active
504087,2826,Medical,2481,2024-10-27,2029-01-17,Lapsed
504088,1524,Gadget,10607,2023-12-15,2027-08-30,
504089,1284,Life,,2022-07-12,2026-05-24,
504090,3941,,12433,2023-02-10,2026-08-07,
504091,268,Medical,8072,2025-02-07,2027-10-13,Lapsed
504092,6197,Travel,,2023-02-11,2029-02-08,Lapsed
504093,272,Motor,,2024-03-10,2026-09-14,
504094,4241,,,2025-01-25,2028-09-06,Pending
504095,2911,,,2022-10-09,2027-11-27,Pending
504096,6554,Gadget,,2023-04-21,2028-02-05,
504097,1794,Gadget,,2023-10-24,2027-10-23,Active
504098,29,Medical,,2024-12-20,2027-04-09,Pending
504099,3422,,,,2028-09-20,Active
504100,1520,,,2023-10-02,2028-10-11,Lapsed
504101,5807,Life,,2025-03-08,2028-12-16,
504102,907,Medical,,2022-07-13,2028-06-01,
504103,1381,Motor,,2025-03-12,2028-07-21,
504104,674,,5489,2024-04-07,2026-04-25,Lapsed
504105,4598,Medical,,2023-12-16,2028-11-01,Lapsed
504106,1255,,,2025-02-26,2027-10-16,Pending
504107,5661,Life,,2024-04-16,2027-06-10,Pending
504108,993,Gadget,,2022-06-09,2028-05-05,Active
504109,4217,Travel,14701,2024-02-08,2027-03-01,Active
504110,2225,Gadget,7894,2023-01-30,2029-01-12,Active
504111,347,,,2022-07-03,2027-11-15,Active
504112,6288,Life,,2023-02-17,2028-02-24,Pending
504113,4433,Gadget,,2024-02-18,2027-08-13,Active
504114,3341,,,2023-02-12,2028-07-25,Active
504115,5027,Medical,241,2022-08-22,2029-03-10,
504116,6196,Medical,1763,2025-03-09,2028-01-24,Lapsed
504117,6681,Medical,,2023-07-25,2028-07-27,Pending
504118,6888,,,2023-10-12,2027-02-26,Pending
504119,4332,Medical,1717,2024-04-13,2028-07-13,
504120,2429,Life,13190,2022-07-11,2028-02-13,
504121,4587,Motor,,2022-10-02,2026-12-26,
504122,6587,Medical,12809,2023-02-02,2027-09-18,Lapsed
504123,4556,Gadget,,2023-10-12,2026-11-06,Pending
504124,5871,Life,610,2024-02-02,2027-03-08,
504125,5034,,9017,2022-10-06,2027-02-12,Active
504126,6064,Life,7278,2022-05-29,2028-03-07,Active
504127,1777,Travel,2472,2024-04-17,2028-06-12,
504128,2166,Medical,7321,2023-07-11,,
504129,4525,Gadget,,,2028-11-27,Pending
504130,72,,9837,2023-03-21,2028-03-07,Pending
504131,2807,Motor,6464,2022-08-27,2028-10-04,
504132,2632,Motor,12207,2023-05-09,2029-02-11,
504133,6429,,980,2022-09-26,2026-05-01,Lapsed
504134,5635,Gadget,,2022-06-06,2029-01-25,Lapsed
504135,1813,Life,,2023-05-09,2026-06-16,Lapsed
504136,5023,Gadget,,2023-04-26,2027-05-19,Lapsed
504137,2271,Travel,,2024-05-18,2026-12-29,Lapsed
504138,977,Life,,2023-05-28,,
504139,1712,,,2022-10-20,2028-02-15,
504140,5984,Travel,,2023-07-30,2028-08-13,
504141,5400,Motor,,2022-05-23,2026-06-21,Active
504142,4330,,8653,2023-09-16,2028-09-03,Lapsed
504143,3587,,,2023-05-18,2027-06-02,
504144,6810,,,2024-12-08,2026-04-22,Lapsed
504145,6146,Medical,,2024-03-15,2029-03-08,
504146,5665,Travel,,2025-03-10,2027-06-13,
504147,34,Gadget,,2024-07-17,2027-01-09,Lapsed
504148,2086,Medical,,2023-07-22,2028-03-06,Lapsed
504149,2175,Motor,,2022-11-09,,
504150,1742,Gadget,,2023-10-09,2026-07-13,
504151,3807,Travel,,2025-02-25,2027-05-02,Lapsed
504152,4244,Gadget,,2024-06-30,2028-01-16,
504153,6100,Medical,1839,2022-07-25,2027-09-10,Active
504154,6305,Gadget,2185,2022-11-18,2028-02-29,
504155,4730,Travel,469,2022-11-25,2028-06-01,
504156,4592,Life,,2023-05-12,2029-02-10,Lapsed
504157,2108,,,2022-10-30,2027-11-18,Active
504158,450,,6509,2023-07-23,2028-05-04,Pending
504159,4846,Motor,11939,2023-03-29,2026-10-01,Active
504160,701,Motor,6598,2023-09-01,2027-01-05,Pending
504161,691,Medical,9286,2022-08-04,2027-02-15,
504162,5840,Gadget,4982,2022-04-12,2027-08-24,Active
504163,5257,,,2022-12-01,2026-04-24,
504164,6411,Gadget,,2024-03-13,2028-11-07,Pending
504165,5269,Travel,,2023-01-22,2028-12-09,Active
504166,2764,Motor,,2023-11-25,2027-01-05,Lapsed
504167,3780,Motor,,2024-06-07,2027-12-19,Pending
504168,6938,Medical,,2023-05-10,2027-03-01,Pending
504169,5267,Motor,,2023-06-28,2027-09-07,Pending
504170,6639,Travel,10679,2023-08-13,2028-08-17,Lapsed
504171,6929,Travel,8329,2022-05-31,2027-11-07,
504172,3323,,,2023-07-25,2027-08-13,
504173,684,,,2022-10-09,2028-04-30,
504174,1213,,2008,2025-02-17,2028-04-25,
504175,6273,Motor,2125,2024-05-31,2028-01-16,Active
504176,2288,Medical,,2025-02-23,2028-08-09,Active
504177,6522,Travel,,2022-09-08,2026-11-09,Active
504178,1224,,,,2027-06-23,Lapsed
504179,2490,,1692,2024-01-30,2028-05-06,
504180,2398,Medical,,2022-10-25,2026-12-21,Lapsed
504181,2169,Gadget,,2024-12-15,2028-07-31,Lapsed
504182,1651,Motor,,2025-01-09,2027-12-12,Pending
504183,2089,Gadget,,2024-07-28,2028-02-04,
504184,4248,Gadget,6168,2025-02-23,2026-05-25,
504185,4267,,,2022-06-26,2028-04-18,
504186,2385,Motor,,2022-04-25,2026-06-19,
504187,3446,Gadget,,2022-09-07,2027-09-18,Pending
504188,6238,Motor,,2023-11-10,2027-06-05,Pending
504189,1001,,,2023-08-23,2026-07-18,Lapsed
504190,1801,,,2022-04-02,2026-08-26,Pending
504191,5570,Medical,1488,2024-11-22,2027-02-07,
504192,5338,Gadget,,2022-09-13,2028-02-10,Active
504193,6142,Gadget,,2022-10-10,2028-10-08,Active
504194,1184,,,2024-07-16,2026-12-22,Lapsed
504195,5339,Travel,,2024-12-16,2029-01-20,Lapsed
504196,2473,Gadget,2738,2024-07-12,2027-11-13,
504197,1035,Life,,2024-08-05,2027-12-10,Lapsed
504198,2164,,,2022-06-24,2028-09-19,
504199,741,Gadget,10464,2024-05-25,2027-02-18,
504200,3346,Gadget,6880,2023-06-17,2026-12-15,Active
504201,3080,Travel,8976,2024-09-02,2028-06-26,
504202,3355,Life,,2022-12-07,2028-03-08,Pending
504203,6354,Medical,7251,2024-06-03,2027-05-02,
504204,2825,Motor,,2023-12-16,2028-03-08,Active
504205,4610,Gadget,,2023-08-08,2028-10-24,Active
504206,5713,Medical,,2022-10-05,2027-01-22,Pending
504207,5067,,,2024-02-04,2026-08-11,
504208,3461,,13863,2024-09-05,2027-01-01,Active
504209,2700,Medical,,2024-10-30,2028-10-07,
504210,5804,Motor,205,2023-08-29,2028-09-12,Lapsed
504211,2474,Motor,,2024-03-23,2027-12-18,
504212,4963,Medical,,2023-10-01,2027-09-15,Active
504213,1395,,,2024-03-07,2027-03-14,Pending
504214,5592,Life,,2023-09-28,2026-12-28,Lapsed
504215,6302,Travel,14602,2023-04-02,2026-05-15,Pending
504216,6196,Medical,,2023-04-07,2026-06-23,Pending
504217,1489,,,2024-05-23,2026-06-29,
504218,3375,,10338,2023-08-24,2027-05-05,Pending
504219,6692,Motor,,2022-06-24,2028-08-20,
504220,4678,Travel,4078,2022-10-22,2026-05-09,Active
504221,1824,Motor,,2022-10-03,2026-08-14,Active
504222,4834,,,2022-11-10,2026-07-14,
504223,6956,Medical,3166,2022-09-16,2028-04-07,Pending
504224,4496,Travel,559,2023-09-23,2028-07-23,
504225,3655,Motor,,2023-04-27,2028-07-21,
504226,1681,Motor,,2022-07-11,2029-03-18,
504227,4768,,,2024-12-29,2026-04-04,
504228,4110,Life,4836,2022-09-28,2027-10-01,Active
504229,5530,,,2024-11-05,2027-04-22,
504230,3213,Motor,,2024-01-06,2027-11-23,Lapsed
504231,4736,,,2023-10-04,2027-10-27,Pending
504232,2777,Gadget,,2023-09-06,2028-03-13,Lapsed
504233,2828,Medical,,2025-03-04,2028-06-10,
504234,6800,Gadget,,2022-09-21,,Pending
504235,4593,Medical,,2024-12-24,2029-02-26,
504236,4062,Life,4876,2022-07-04,2027-03-02,
504237,5940,Medical,,2023-11-05,2028-03-12,Active
504238,536,Life,,2024-01-06,2026-09-11,
504239,5675,,,2024-01-02,2028-06-19,Lapsed
504240,1659,,,2023-05-10,2028-03-04,Active
504241,3461,Travel,,2022-09-05,2027-04-03,
504242,4719,,5027,2025-02-15,2026-04-20,
504243,5409,Gadget,,2022-06-02,2027-11-16,
504244,1521,,,2023-01-22,2029-03-13,
504245,3231,,,2024-06-14,2028-11-13,
504246,5641,Gadget,,2022-09-11,2029-01-05,Active
504247,6385,Life,2411,2024-05-05,2028-03-04,
504248,35,Gadget,14910,2023-05-31,2026-11-10,
504249,2568,Gadget,,2022-10-08,2028-03-18,Pending
504250,3915,,14203,2024-12-24,2028-11-12,Active
504251,145,Life,,2022-04-29,2026-10-27,
504252,6736,Life,,2023-06-10,2028-05-07,Active
504253,3092,Motor,12399,2024-12-13,2026-06-28,
504254,4571,Gadget,,2025-03-08,2027-12-22,
504255,3320,Gadget,,2023-06-19,2028-07-23,Pending
504256,4430,Travel,,2022-10-16,2027-07-04,Lapsed
504257,438,Gadget,,2023-05-25,2026-07-06,Pending
504258,881,Life,,2023-02-09,2026-11-11,Pending
504259,2631,Medical,,2023-10-20,2027-04-13,Active
504260,6603,,12168,2022-11-09,2029-02-03,Active
504261,1233,,5609,2022-08-06,2029-01-07,Lapsed
504262,6733,Motor,,2022-04-25,2026-04-26,Active
504263,4467,Life,,2022-04-24,2026-08-25,
504264,4177,Medical,,2023-03-13,2026-04-02,Active
504265,2296,,,2023-02-15,2029-01-13,Lapsed
504266,2500,,6654,2022-07-21,2027-01-02,
504267,4816,,,2022-05-30,2026-07-24,Active
504268,6303,Gadget,8778,2022-07-13,2027-05-04,Pending
504269,1365,Life,,2023-04-29,2027-08-13,Pending
504270,2017,Gadget,12763,2024-03-11,2027-05-01,Active
504271,1165,,,2023-04-01,2026-07-09,
504272,2813,Travel,9548,2024-11-14,2026-07-31,Pending
504273,3101,Travel,2481,2023-09-13,2026-04-15,
504274,3535,Motor,6548,2023-11-14,2029-03-14,Lapsed
504275,6794,Medical,,2025-01-14,2026-04-02,Active
504276,4513,Life,,2023-06-09,2028-09-19,
504277,911,,,2024-03-29,2027-01-10,Pending
504278,1147,Motor,5338,2025-02-23,2027-07-02,
504279,1387,,,2023-04-29,2028-11-16,Pending
504280,6651,Gadget,3150,2022-04-18,2028-02-24,
504281,4608,Life,,2024-12-20,2028-01-01,Pending
504282,5667,Life,,2023-12-12,2029-02-25,Lapsed
504283,6966,Gadget,,2023-10-02,2026-09-25,
504284,917,Motor,14344,2022-09-24,,
504285,5278,Motor,,2023-06-03,2028-03-01,
504286,3952,Travel,,2023-04-10,2027-03-14,Pending
504287,1710,Life,,2023-04-09,2026-07-31,Lapsed
504288,5867,Motor,,2025-02-03,2028-10-08,Lapsed
504289,1517,Life,,2024-04-08,2028-04-28,Lapsed
504290,1223,Travel,11818,2022-07-12,2026-08-18,
504291,6321,Medical,,2023-10-05,2026-06-30,
504292,6352,Medical,,2023-05-30,2029-02-15,Active
504293,3653,,,2022-04-17,2028-07-07,
504294,134,Travel,,2023-11-04,2029-03-01,
504295,1922,,,2023-01-21,2028-10-25,Lapsed
504296,1913,Life,,2025-01-13,2026-05-04,Pending
504297,2563,,,2023-09-16,2028-10-29,Pending
504298,309,Motor,2273,2023-03-16,2027-04-21,Pending
504299,4618,Motor,3519,2024-11-16,2026-07-27,Pending
504300,4632,,2873,2023-02-12,2026-08-07,Active
504301,417,,,2022-12-11,2026-05-05,
504302,1364,Gadget,,2023-02-16,2026-06-23,
504303,2037,,4261,2024-03-07,2026-09-16,
504304,2326,Motor,,2024-08-20,2028-05-10,Pending
504305,2877,Life,,2023-05-29,,
504306,2528,Life,2987,2023-11-19,2026-08-18,Pending
504307,1246,,,2024-02-19,2027-11-29,Active
504308,1859,Travel,,2024-01-21,2028-02-25,Active
504309,5380,Gadget,8329,2023-12-16,2027-11-30,Lapsed
504310,5299,Motor,,2024-05-05,2027-08-01,Pending
504311,1540,,,2022-07-04,2027-11-12,Pending
504312,807,Life,7722,2023-01-10,2026-08-23,
504313,5151,Life,,,2026-04-11,Active
504314,5561,Medical,,2023-01-09,2026-06-25,
504315,4297,Life,6516,2024-06-10,2026-05-01,
504316,2078,,2026,2025-01-09,2026-08-01,
504317,1269,,1453,2022-11-12,2027-07-16,Pending
504318,4957,Gadget,,2023-01-09,2027-03-22,
504319,5110,Motor,,2023-05-06,2027-03-19,Lapsed
504320,3545,Medical,14657,2023-05-02,2027-07-23,
504321,6644,Life,5175,2022-07-05,2028-10-08,Lapsed
504322,3239,Gadget,,2024-06-28,2026-08-13,Pending
504323,4707,Travel,,2025-02-15,2027-04-19,
504324,4121,Motor,,2024-01-29,2028-11-05,Active
504325,3321,,6420,2023-08-26,2028-02-28,Lapsed
504326,3642,Travel,12332,2022-11-10,2027-05-26,Active
504327,3301,Gadget,697,2022-11-15,2028-12-25,
504328,1188,Travel,3988,2024-06-11,2028-04-24,
504329,2443,,9325,2023-09-13,2027-08-27,
504330,4570,Motor,,2022-11-23,2029-02-27,
504331,2666,Gadget,,2023-04-26,2029-03-17,Pending
504332,2350,Life,1200,2023-09-27,2028-12-23,Lapsed
504333,4953,Travel,,2022-07-10,2026-06-21,
504334,2837,Medical,6078,2022-04-15,2028-02-18,Lapsed
504335,497,Travel,12908,2024-04-19,2028-04-03,Lapsed
504336,386,Gadget,,2024-10-19,2027-08-21,
504337,2250,Medical,,2022-07-06,2028-07-28,Active
504338,1831,,,2022-08-24,2028-10-21,
504339,4195,,,2022-05-25,2027-01-03,Pending
504340,2465,,,2024-03-16,2028-04-07,
504341,745,Gadget,,2024-06-10,2026-12-20,
504342,5508,Gadget,1019,2025-01-23,2026-06-11,Pending
504343,3907,Medical,,2025-01-14,2028-12-10,
504344,453,,,2022-04-05,2028-12-11,
504345,4561,Gadget,,2022-10-02,2029-03-12,
504346,6029,Medical,,2023-07-29,2027-09-15,Active
504347,2625,Life,,2023-11-19,2028-01-04,
504348,6317,Gadget,,2023-03-04,2027-11-22,Active
504349,1191,Life,,2022-06-19,2028-03-21,Lapsed
504350,6743,Motor,,2023-05-14,2026-10-27,Lapsed
504351,5993,Travel,,2024-08-22,2026-08-07,Pending
504352,2037,Life,14703,2025-03-01,2026-03-21,Active
504353,2802,Travel,,2022-11-07,2026-04-10,
504354,5620,Medical,5056,2023-03-22,2027-10-16,
504355,5261,Motor,,2023-05-03,2027-07-21,Active
504356,4993,Medical,4395,2024-05-15,2026-05-08,
504357,4706,Gadget,,2024-02-28,2029-02-01,
504358,157,,11897,2023-06-14,2026-06-13,Active
504359,4925,Travel,,2022-04-14,2028-12-30,Lapsed
504360,1375,,,2023-01-11,2027-05-21,Active
504361,584,Medical,7408,2023-12-09,2028-11-26,
504362,6530,,,,2028-05-03,
504363,1848,Travel,,2024-07-22,2029-03-17,
504364,737,Gadget,,2023-11-02,2028-05-23,Pending
504365,5982,,13974,2022-10-14,2027-11-30,Pending
504366,633,Gadget,,2023-03-12,2026-07-27,Lapsed
504367,411,,,2024-11-15,2026-11-24,Active
504368,5593,Travel,11406,2023-07-06,2027-10-30,Lapsed
504369,6566,Motor,,2023-01-07,2027-07-15,
504370,1505,Travel,,2023-08-15,2029-01-30,
504371,4070,Travel,3555,2022-11-30,2027-01-16,Pending
504372,436,Medical,,2022-06-25,2026-08-21,
504373,5456,Travel,,2022-12-04,2027-12-13,Pending
504374,3064,,,2022-07-29,2027-03-13,Lapsed
504375,2811,Motor,8485,2023-03-15,2027-02-25,Active
504376,160,Motor,,2023-12-06,2026-09-02,Active
504377,4568,,,2023-08-20,2026-03-30,Active
504378,3458,Travel,14357,2023-10-18,2026-10-07,Active
504379,2882,Life,,2023-09-07,,
504380,2196,,4953,2022-12-18,2029-01-27,Lapsed
504381,4153,,,2023-09-10,2029-02-20,Pending
504382,3134,,,2022-06-03,2026-05-14,Lapsed
504383,3035,Travel,,2023-09-20,2027-01-12,Lapsed
504384,3670,Medical,6355,2022-06-07,2028-06-24,
504385,5607,Life,,2022-12-19,2029-01-13,
504386,4608,Gadget,,2024-06-13,2028-09-13,Active
504387,6832,Gadget,3672,2023-03-22,2026-10-19,Active
504388,6355,Life,10471,2022-09-05,2028-07-10,
504389,4743,,7748,2024-08-30,2027-08-26,
504390,6211,,,2023-09-01,2028-10-05,
504391,2866,Travel,,2022-06-30,2028-03-07,Active
504392,2812,,,2022-10-16,2028-09-11,Pending
504393,2850,Gadget,,2023-07-29,2028-07-23,
504394,4201,Medical,,2022-10-13,2027-04-07,
504395,2903,Gadget,3588,2024-05-20,2026-12-23,Lapsed
504396,3141,Medical,,2023-03-16,2027-06-09,Pending
504397,1387,Life,,2022-09-30,2026-09-22,Pending
504398,2371,Medical,1352,2022-06-06,2028-02-06,
504399,600,Motor,12971,2024-05-24,2028-01-24,
504400,1186,Motor,,2024-04-16,2028-11-13,Pending
504401,627,Motor,9908,2024-05-21,2027-09-11,Lapsed
504402,1323,Motor,,2024-06-17,2028-08-08,Active
504403,5644,Life,,2024-12-11,2026-08-18,
504404,32,,,2024-09-23,2028-03-11,
504405,1393,Medical,3631,2022-04-01,2026-10-12,
504406,1378,,3776,2023-11-23,2028-03-25,Pending
504407,6743,Travel,,2022-03-29,2028-08-17,
504408,2359,Motor,,2024-11-12,2028-10-13,Active
504409,4545,Motor,,2023-02-15,2027-06-07,Active
504410,5905,,,2024-03-20,2026-11-26,
504411,3935,Gadget,,2022-06-11,2028-10-28,
504412,4455,Motor,10980,2023-11-20,2028-03-27,Active
504413,2917,Travel,,2023-09-22,2026-11-20,Lapsed
504414,2240,Travel,13097,2025-01-28,2027-10-28,
504415,476,,,2024-04-17,2028-04-06,
504416,4234,,,2023-01-03,2027-05-07,Pending
504417,5988,Gadget,5565,2023-02-12,2026-08-12,
504418,6062,,,2023-08-17,2029-02-24,Lapsed
504419,2559,Life,,2022-05-02,2026-07-23,Pending
504420,3017,,13091,2023-10-16,2028-05-08,Lapsed
504421,474,,,2024-03-05,2027-04-21,Lapsed
504422,497,Life,491,2024-02-15,2026-10-01,Pending
504423,110,Medical,726,2024-06-17,2027-05-20,
504424,3123,,7194,2024-11-07,2027-01-28,Active
504425,802,,,2024-04-30,2027-08-23,Pending
504426,5006,,,2024-10-24,2027-08-22,Pending
504427,1498,Travel,,2024-07-21,2026-11-03,Active
504428,1381,Travel,,2022-07-27,,Pending
504429,1503,,3565,2022-08-22,2027-08-29,
504430,6127,Motor,12491,2024-11-07,2029-01-13,
504431,1318,Motor,,2024-10-14,2028-05-21,Active
504432,6704,,,2024-03-17,2027-03-15,
504433,28,Motor,,2022-12-24,2027-06-18,Active
504434,4472,,,2023-09-12,2028-08-11,Pending
504435,5033,,,2022-06-05,2027-01-08,Pending
504436,1260,,,,2026-05-17,
504437,4584,Medical,,2022-08-20,2026-07-25,Lapsed
504438,3000,Travel,,2025-01-14,2028-02-10,
504439,5498,Motor,1114,2023-10-29,2029-02-06,
504440,6732,,,2022-12-15,2026-05-26,Pending
504441,2011,Motor,,2022-05-02,2027-03-19,
504442,3393,Travel,,2025-02-15,2028-11-14,
504443,2024,Motor,13443,2023-12-10,2027-06-07,Pending
504444,3132,,,2025-01-03,2027-03-14,Lapsed
504445,4321,Gadget,,2024-09-07,2026-10-10,Active
504446,3853,Gadget,,2023-08-29,2026-06-08,Lapsed
504447,1477,,,2022-05-31,2028-06-30,Pending
504448,4148,Life,,2022-10-05,2026-07-17,
504449,1384,,,2022-12-09,2027-08-25,
504450,2859,Travel,6131,2023-08-23,2027-08-25,Active
504451,732,Gadget,,2025-01-09,2029-01-01,
504452,6394,Travel,,2023-07-03,2028-06-20,Lapsed
504453,2008,Medical,14798,2022-04-27,2028-07-13,Active
504454,1748,Travel,,2024-03-15,2027-12-22,
504455,6568,Life,,2024-03-06,2028-05-11,Lapsed
504456,2090,Life,780,2024-05-16,2027-02-16,Active
504457,5541,Medical,1370,2022-12-18,2026-04-21,
504458,980,Travel,8275,2022-12-10,2028-12-22,
504459,5527,,,2022-07-06,2028-04-01,
504460,4419,Travel,,2023-08-20,2027-08-31,Pending
504461,4421,Gadget,,2024-12-04,2028-12-24,
504462,6479,Gadget,,2024-05-26,2027-12-27,Active
504463,4718,Life,,2023-07-02,2026-06-30,Pending
504464,117,Travel,5303,2022-06-12,2027-08-11,Pending
504465,581,Motor,,2024-06-26,2027-10-12,
504466,2146,Gadget,,2024-08-06,2026-03-25,Active
504467,2298,Travel,,2024-11-28,2027-07-10,Lapsed
504468,1511,Medical,,2022-09-09,2028-02-10,Pending
504469,4987,Gadget,9781,2024-11-20,2028-02-10,
504470,186,Life,,2023-06-10,2026-06-25,
504471,1767,Life,,2024-06-03,2027-08-05,Lapsed
504472,3576,Life,3180,2023-10-08,2026-09-19,Pending
504473,5934,Life,,2024-07-16,2027-12-13,Lapsed
504474,4527,Travel,,2023-01-28,2029-01-22,
504475,1809,,,2022-11-20,,
504476,1417,Travel,4625,2024-09-03,2027-06-13,Active
504477,4932,Gadget,,2023-06-10,2027-09-04,Pending
504478,2782,Motor,,2023-12-07,2027-05-02,
504479,1776,Life,,2023-05-20,2028-07-30,
504480,3022,Motor,,2024-09-30,2028-04-06,
504481,5406,Life,12102,2023-09-16,2027-11-05,Active
504482,5983,Gadget,2963,2022-09-25,2028-10-18,Pending
504483,3645,Medical,,2024-07-02,2029-01-29,Lapsed
504484,193,Life,2294,2024-08-28,2027-06-04,Pending
504485,4026,Medical,,2023-05-10,2028-08-25,
504486,1435,,14129,2022-05-08,2026-06-20,
504487,2242,Life,,2024-10-04,2028-07-24,
504488,3885,,,2022-09-10,2027-11-22,Lapsed
504489,5160,Motor,7825,2022-05-08,2026-10-31,
504490,317,,,2025-02-28,2028-09-16,Pending
504491,4473,,4518,2023-10-19,2028-10-08,Pending
504492,2345,Life,,2023-03-22,2028-10-03,Pending
504493,5720,,,2024-10-23,2028-07-15,Pending
504494,6612,,,2023-10-24,2027-03-31,Lapsed
504495,5290,Motor,14797,2023-03-06,2026-06-15,
504496,190,Medical,9141,2024-09-27,2029-02-27,Lapsed
504497,5239,Travel,,2022-12-01,2027-11-02,
504498,6736,,,2024-06-27,2029-02-08,
504499,2665,,12681,2024-09-01,,Pending
504500,6694,Medical,14225,2023-03-15,2027-05-02,Lapsed
504501,4086,Travel,,2022-08-25,2027-07-31,Pending
504502,3820,Gadget,,2023-05-30,2028-10-17,
504503,2225,Gadget,3920,2023-12-09,2026-11-27,
504504,1770,Gadget,,2024-06-12,2027-07-07,Pending
504505,4843,,12536,2023-06-26,2026-10-08,
504506,1769,Gadget,3784,2023-10-19,2027-12-13,Lapsed
504507,2962,Life,,2022-06-18,2027-01-12,
504508,2782,,,2023-08-30,2028-11-07,
504509,4581,Medical,,2022-05-08,2027-07-25,
504510,3845,Motor,8695,2024-08-10,2028-02-25,Lapsed
504511,5477,Life,,2023-02-23,2027-08-08,Active
504512,651,,2651,2025-01-31,2029-01-03,Active
504513,2052,,,2024-09-18,2028-05-02,Active
504514,6501,Life,2723,2022-07-07,2027-10-18,Pending
504515,6205,,7868,2024-07-25,2027-03-02,
504516,124,Gadget,,2023-03-21,2026-07-02,Pending
504517,1907,,,2025-01-30,2028-10-22,Active
504518,3787,Life,13824,2025-01-24,2028-09-12,Lapsed
504519,5937,,,2024-03-06,2027-12-05,
504520,4719,Motor,5844,2023-02-23,2028-01-01,Pending
504521,1308,Medical,11384,2022-03-28,2028-11-29,
504522,5338,Gadget,6916,2024-11-24,2026-10-02,
504523,4024,Gadget,,2022-09-25,2027-06-03,Lapsed
504524,4289,Motor,802,2022-08-07,2026-10-19,Pending
504525,5894,Life,10452,2023-09-02,2026-12-14,
504526,6575,,,2023-10-19,2027-06-20,Active
504527,6296,Motor,,2025-02-26,2028-03-17,Active
504528,1058,Travel,,2024-08-28,2028-06-25,
504529,2120,Medical,1554,2023-12-07,2026-11-07,Lapsed
504530,16,Medical,,2023-11-21,2027-12-20,
504531,5200,Motor,7604,2024-12-15,2028-02-08,Lapsed
504532,5392,,,2023-12-26,2027-08-12,Lapsed
504533,5602,,,2023-08-18,2028-11-20,
504534,3156,,857,2023-08-03,2028-10-01,Pending
504535,1166,Medical,,2024-10-29,2028-06-08,Pending
504536,4730,Medical,,2022-09-14,2028-12-06,Active
504537,5947,,,2024-02-27,2028-11-19,
504538,2750,Life,,2023-04-15,2029-03-17,
504539,6874,Gadget,,2024-09-21,2026-12-13,Active
504540,2498,,,2023-11-02,2027-04-15,
504541,6547,Gadget,,2022-12-30,2028-04-24,
504542,5058,Gadget,10218,2022-04-04,2027-10-15,Pending
504543,3354,Motor,,2024-10-10,2026-07-22,
504544,2265,Motor,,2023-12-10,2028-08-07,Active
504545,5553,Gadget,13058,2023-06-21,2027-06-19,
504546,3452,,,2023-11-09,2026-08-02,Lapsed
504547,5425,Travel,,2023-03-02,2028-08-17,Lapsed
504548,3056,Travel,,2023-06-25,2026-09-24,Active
504549,5363,Life,,2023-03-20,2028-02-04,
504550,721,Motor,13052,2025-02-26,2026-04-02,Lapsed
504551,2590,Gadget,,2022-07-26,2028-12-12,Active
504552,1996,Travel,,2023-06-13,2028-02-20,
504553,1593,Gadget,,2023-01-31,2026-04-23,Lapsed
504554,6229,Medical,,2022-03-23,2027-08-18,Active
504555,5412,Travel,,2024-08-26,2028-08-31,Active
504556,2728,Gadget,,2023-04-17,2026-04-01,
504557,4892,Motor,10405,2022-11-24,2026-10-22,Lapsed
504558,4193,Motor,2398,2023-10-15,2027-02-24,Pending
504559,686,Medical,,2022-05-11,2027-11-21,Pending
504560,4553,Medical,,2024-06-17,2028-01-06,Active
504561,5330,Life,,2024-06-18,2028-08-10,
504562,2776,Gadget,,2023-11-04,2027-02-03,
504563,544,,5561,2022-03-29,2026-05-24,Active
504564,4183,Travel,,2022-07-31,2028-01-29,
504565,6586,Travel,,2024-08-22,2027-11-05,Active
504566,5452,,,2023-03-13,,Pending
504567,2786,,,2023-10-22,2028-05-16,
504568,2042,,4091,2023-01-04,2027-09-17,
504569,1690,Travel,,2022-11-24,2027-02-08,Pending
504570,1350,Life,690,2022-10-15,2026-09-09,
504571,5317,Gadget,,2024-12-10,2029-03-07,
504572,6231,Medical,8435,2024-12-11,2028-02-09,Pending
504573,2226,Life,14519,2025-02-27,2027-06-28,Pending
504574,4974,Medical,,2023-12-22,2028-02-13,
504575,5711,,,2024-05-10,2026-06-06,Lapsed
504576,1568,Life,,2024-06-03,2026-11-09,
504577,186,Life,2864,2024-04-26,2028-08-14,Lapsed
504578,576,Travel,,2024-05-29,2026-07-25,Lapsed
504579,4429,Life,10371,2023-09-08,2027-08-11,Lapsed
504580,2943,Travel,,2024-10-24,2026-03-24,
504581,4329,,7776,2023-10-07,2026-04-12,Lapsed
504582,4252,Travel,,2024-09-21,2028-05-10,
504583,5491,Travel,,2023-10-16,2026-09-24,
504584,2913,Motor,,2023-08-05,2026-06-22,Active
504585,1992,,3201,2024-12-28,2026-06-20,
504586,3280,,5200,2023-08-04,2028-04-02,
504587,2935,,4852,2022-05-04,2027-08-31,Lapsed
504588,4391,Travel,,2024-03-15,2027-07-07,Lapsed
504589,6624,,,2023-05-03,2026-06-16,Pending
504590,2768,Gadget,,2023-09-26,2027-07-22,
504591,4909,,,2024-07-28,2026-04-03,
504592,4237,Gadget,,2024-08-12,2028-10-10,
504593,6036,Life,6010,2024-09-25,2026-10-21,Active
504594,915,Medical,,2023-07-12,2028-01-26,Pending
504595,2251,,,2024-12-30,2026-09-23,Lapsed
504596,859,Gadget,,2023-09-23,2029-02-20,Pending
504597,720,,,2022-10-26,2027-04-14,Active
504598,1929,,,2022-11-17,2029-01-03,Active
504599,4429,Medical,,2023-09-14,2028-02-13,Lapsed
504600,147,Travel,9350,2022-08-12,2027-01-25,
504601,6110,Medical,,2022-12-07,2026-05-30,
504602,5431,Travel,,2024-01-11,2028-07-14,Lapsed
504603,6907,Motor,14394,2022-11-19,2026-11-27,Lapsed
504604,3447,,,2024-04-27,2028-09-25,Lapsed
504605,5994,Life,,2023-04-07,2028-02-06,
504606,6183,,8248,2024-04-03,,
504607,5777,Medical,,2023-02-11,2028-07-20,Lapsed
504608,958,Medical,1387,2024-11-03,2028-08-29,Active
504609,2876,,,2023-02-12,2027-08-25,
504610,2858,,2218,2022-04-30,2027-06-09,Pending
504611,4994,Medical,,2023-05-24,2028-03-19,Lapsed
504612,2098,Life,,2024-09-18,2026-07-26,Lapsed
504613,3056,Motor,10722,2024-09-01,2027-09-05,Pending
504614,67,Life,,2022-06-02,2026-06-24,Pending
504615,6036,,5144,2024-07-13,2027-06-06,Active
504616,1025,Gadget,,2023-07-01,2028-09-26,
504617,2181,,,2025-02-23,2027-12-19,
504618,3425,,,2022-04-21,2028-07-03,
504619,6526,Life,,2022-05-07,2027-01-01,Active
504620,1623,Gadget,11458,2024-06-22,2026-11-15,Active
504621,2706,Medical,,2024-03-26,2027-05-28,
504622,5119,Motor,,2022-10-19,2027-05-29,Lapsed
504623,68,Travel,6356,2023-06-09,2028-06-22,Pending
504624,873,Motor,,2024-01-10,2026-03-31,Pending
504625,4193,Gadget,14530,2024-06-22,2028-10-14,Pending
504626,474,Motor,7821,2025-02-23,2028-03-13,Active
504627,2838,,,2024-12-16,2028-11-10,Lapsed
504628,2846,Medical,,2023-06-15,2026-05-30,Active
504629,2817,Life,7292,2024-03-02,2029-02-14,
504630,2118,Gadget,3039,2024-03-08,2027-12-14,Pending
504631,593,Gadget,,2024-03-02,2027-09-29,
504632,2783,Gadget,,2023-01-18,2026-10-16,Lapsed
504633,6128,Medical,,2023-10-21,2028-07-21,
504634,1331,,,2024-09-21,2027-12-04,
504635,4932,Motor,9611,2022-07-09,2028-10-15,
504636,586,Gadget,14040,2024-12-04,2027-05-30,Lapsed
504637,3261,,,2024-05-12,2029-02-12,Pending
504638,2357,,1629,2024-04-12,2028-10-28,Lapsed
504639,2407,Travel,,2023-07-16,2028-03-11,
504640,6946,Gadget,,2024-07-26,2028-08-11,
504641,4310,Motor,,2022-07-14,2028-07-19,Lapsed
504642,5620,Motor,,2022-04-17,2027-03-20,Pending
504643,3583,,,2024-09-05,2026-04-18,
504644,854,,7881,2024-07-27,2027-06-22,Lapsed
504645,135,Travel,13517,2023-02-19,2029-02-20,
504646,2087,Life,,2023-07-25,2027-11-27,Active
504647,4901,Gadget,,2022-07-17,2028-02-15,Active
504648,2111,Motor,,2023-08-15,2028-09-06,Pending
504649,6415,Travel,,2023-09-20,2027-04-01,Lapsed
504650,723,Travel,7345,2024-09-09,2029-01-24,
504651,3146,Medical,4813,,2027-08-19,Lapsed
504652,384,Motor,,,2028-03-29,
504653,613,,,2024-04-12,2027-06-03,
504654,4798,Motor,,2023-03-06,2029-02-12,Active
504655,4722,Motor,,2022-08-15,2027-04-02,Lapsed
504656,5444,Medical,2613,2023-03-26,2026-07-21,Pending
504657,4009,,4799,2022-12-25,2027-05-15,Pending
504658,1817,Travel,7677,2024-05-11,2028-04-03,
504659,156,,,2023-06-12,2027-05-14,Active
504660,2289,Travel,10487,2022-08-15,2027-01-23,
504661,4588,,,2023-06-17,2028-08-06,
504662,4818,Life,,2022-08-05,2027-06-09,Active
504663,4848,Travel,12161,2022-12-12,2028-03-31,Pending
504664,1016,,923,2024-11-05,2027-12-04,Lapsed
504665,4387,Motor,,2024-06-17,2027-03-28,Pending
504666,5971,Medical,,2023-10-10,2027-03-04,
504667,3306,,,2024-06-26,2028-03-01,
504668,2004,,,2023-12-02,2026-10-10,Pending
504669,167,,3596,2023-09-07,2028-10-29,Lapsed
504670,4065,Life,14228,2022-08-28,2028-11-17,Pending
504671,1339,Travel,,2022-11-15,2027-03-25,
504672,6209,,9368,2024-05-12,2026-05-21,Active
504673,5487,Medical,,2022-12-20,2026-06-24,Lapsed
504674,6785,Gadget,5325,2024-03-26,2026-06-15,
504675,120,Travel,,2022-04-16,2027-05-12,
504676,6889,Medical,,2023-12-04,2028-01-22,Pending
504677,3054,Motor,,2024-12-31,2027-12-16,Active
504678,4909,,,2024-02-12,2026-10-18,Pending
504679,2067,,,2024-02-20,2028-06-10,
504680,688,Gadget,,2024-04-23,2026-10-20,Lapsed
504681,5553,Life,,2024-08-05,2028-08-15,Pending
504682,6345,Life,,2024-08-26,2027-01-13,
504683,6926,Motor,262,2024-12-11,2028-11-05,
504684,1091,Medical,,2023-03-26,2026-07-08,Active
504685,3742,Gadget,,2024-05-16,2028-10-30,Active
504686,6377,Travel,,2024-09-07,2026-04-27,Active
504687,116,Motor,,2024-06-11,2028-08-01,
504688,6139,,,2024-01-11,2028-09-14,Lapsed
504689,705,,,2024-01-12,2027-06-07,Lapsed
504690,325,Motor,,2022-06-25,2027-04-23,
504691,6871,,,2023-03-23,2028-12-31,Lapsed
504692,6,Motor,,2023-09-16,2027-10-27,
504693,6228,Motor,14417,2025-02-06,2028-07-10,Active
504694,1070,,,2024-05-23,2026-11-30,
504695,4808,Travel,,2024-07-02,2026-09-08,
504696,189,,,,2029-02-14,Active
504697,1055,Motor,,,2028-11-24,
504698,4047,Life,1775,2023-07-06,2026-12-08,
504699,1946,Life,,2023-11-09,,
504700,1466,,10821,2023-01-19,2026-08-02,
504701,289,,,2023-11-16,2028-03-30,
504702,3056,Motor,9688,2023-03-10,2026-08-13,
504703,3380,,,2024-04-10,2026-08-23,Pending
504704,2919,Medical,,2024-07-06,2026-12-03,Pending
504705,3360,,,2023-02-20,2026-08-25,Active
504706,5761,Life,1922,2022-08-30,2027-04-25,
504707,3461,Gadget,,2024-10-27,2026-08-24,
504708,4502,,,2024-02-09,2027-02-20,
504709,1913,Medical,,2023-05-29,2027-06-17,
504710,2037,Motor,2917,2025-03-08,2026-05-29,
504711,645,Travel,,2022-07-16,2028-12-06,Pending
504712,6664,,8320,2023-11-17,2029-02-16,Active
504713,4166,Medical,,2023-11-16,2026-05-26,Active
504714,4927,Gadget,3211,2022-09-19,2027-05-30,Pending
504715,6666,,1384,2023-07-18,2029-01-01,Pending
504716,1774,Medical,1449,2023-03-30,2028-03-24,Pending
504717,5822,Life,,2023-05-23,2026-10-29,
504718,1832,Life,,2023-12-15,2027-11-22,
504719,3174,,,2024-12-10,2027-05-07,Lapsed
504720,3817,,1894,2025-01-02,2026-09-20,Pending
504721,4527,,,2022-04-03,2028-07-01,
504722,6480,Travel,,2023-06-05,2028-10-21,
504723,5432,,9595,2022-06-20,2026-08-02,
504724,1820,,,2022-06-06,2028-01-18,Active
504725,56,Medical,,2024-11-01,2026-05-16,
504726,6653,,,2022-12-16,2026-09-22,Lapsed
504727,5121,,,2022-12-28,2027-06-03,Lapsed
504728,6382,Travel,5416,2024-11-09,2028-05-02,Active
504729,1844,Medical,,2023-10-05,2026-09-18,
504730,5330,Motor,10559,2022-08-25,2026-10-27,Active
504731,62,Medical,,2022-07-30,2027-01-17,
504732,3815,,3311,,2028-02-22,Lapsed
504733,4204,Medical,9023,2024-07-18,2029-03-08,
504734,4266,Motor,,2023-07-07,2029-02-07,Lapsed
504735,175,Gadget,6830,2023-08-20,2027-06-03,Active
504736,1142,Life,,2025-01-23,2026-09-08,Pending
504737,3431,Medical,,2023-12-28,2026-07-26,Lapsed
504738,4235,Travel,,,2026-08-19,
504739,2755,Motor,3150,2024-11-06,2027-01-28,
504740,4868,,,2023-05-20,2026-08-31,Active
504741,479,Gadget,,2024-08-16,2028-12-08,Lapsed
504742,5771,Life,670,2024-09-16,2026-09-08,Lapsed
504743,3614,Life,11884,2022-12-05,2026-06-11,Lapsed
504744,591,Travel,11289,2023-09-16,2028-09-07,Pending
504745,2639,Gadget,,2022-06-27,2029-01-28,
504746,2746,Travel,11402,2022-05-31,2028-04-11,Lapsed
504747,4768,Life,,2023-08-09,2028-10-19,Active
504748,6813,,,2023-03-02,2027-10-01,
504749,6257,,11583,2023-01-19,2026-11-09,
504750,5931,Medical,,2025-02-02,2028-08-15,Pending
504751,2133,Motor,13452,2022-04-04,2027-10-04,
504752,4326,Motor,613,2022-04-08,2027-02-18,Pending
504753,6695,Travel,,2022-04-21,2028-03-28,
504754,1931,Medical,579,2023-09-03,2028-12-16,Lapsed
504755,2912,Life,,2022-11-21,2028-07-22,
504756,1179,Motor,,2023-12-15,2029-01-09,
504757,4376,Motor,11967,2024-01-13,2027-12-12,Active
504758,1829,Travel,,2024-04-11,2027-11-04,Lapsed
504759,6977,,,2023-04-22,2027-06-30,Lapsed
504760,800,Gadget,3887,2023-01-16,2028-12-25,
504761,2613,Motor,,2022-10-22,2028-03-27,
504762,1153,,,2023-12-14,2029-01-12,
504763,2157,Travel,,2022-11-28,2026-11-30,Active
504764,2744,Life,3009,2023-05-30,2027-10-23,
504765,5842,Motor,,2024-08-11,,
504766,5789,,,2024-06-28,2027-05-15,Active
504767,518,Travel,,2025-03-17,2028-05-29,Active
504768,6329,,,2022-12-21,2026-06-27,
504769,6751,Gadget,4189,2022-05-31,2027-12-04,Pending
504770,6158,Medical,7113,2024-07-26,2029-02-17,
504771,971,Motor,,2023-11-12,2027-01-17,Active
504772,6213,Travel,1756,2024-12-04,2026-04-27,Lapsed
504773,3774,Medical,783,2023-10-03,2028-11-27,Active
504774,1622,Gadget,7605,2022-05-27,2028-11-05,
504775,5683,,,2023-04-25,,
504776,525,,,2024-12-07,2027-12-09,Pending
504777,3838,Motor,,2023-03-13,2026-12-12,Lapsed
504778,4428,Travel,,2024-10-10,2028-08-10,
504779,1641,Medical,,2023-11-07,2027-12-26,Pending
504780,4740,Life,,2022-03-29,2026-09-28,Active
504781,1062,Life,8851,2022-12-13,2027-09-13,
504782,5630,Travel,,2023-01-03,2028-12-10,
504783,5764,Medical,10499,2025-01-16,2026-06-26,Active
504784,6814,Life,,2024-01-25,2027-07-20,Lapsed
504785,6454,Motor,,2024-08-02,2027-02-15,Pending
504786,2993,Travel,,2023-11-28,2026-08-19,Lapsed
504787,415,Gadget,14564,,2027-04-14,Active
504788,3057,,,2025-03-15,2026-07-12,
504789,3498,,,2022-11-10,2028-02-22,Pending
504790,434,Motor,,2023-02-02,2028-02-22,Active
504791,3351,Travel,,2024-11-19,2028-06-11,Lapsed
504792,5070,,,2022-05-02,2029-01-17,Active
504793,227,Life,,2023-08-12,2027-03-10,Active
504794,6353,Gadget,,2022-09-27,2026-05-12,Pending
504795,1852,Motor,,2022-10-12,2027-08-26,
504796,1440,,,2023-07-09,2028-08-18,
504797,6584,Medical,,2024-03-14,2027-07-14,
504798,56,Gadget,,2024-12-28,2028-12-07,
504799,1623,,13817,2024-06-19,2026-09-03,
504800,290,Life,,2022-10-24,2026-09-12,
504801,5801,,6048,2025-01-12,2026-08-28,Active
504802,3367,,,2023-01-07,2026-10-26,
504803,4093,,,2023-12-19,2026-11-30,
504804,6358,Gadget,,2023-12-12,2028-08-14,Pending
504805,6954,Life,7619,2023-05-01,2027-09-13,
504806,834,Travel,5862,2022-05-19,2027-05-17,
504807,4606,,,,2027-02-26,Active
504808,2708,Motor,,2023-07-30,2026-11-16,
504809,270,,,2024-12-26,2028-12-03,Pending
504810,1190,,,2022-11-13,2028-04-10,Pending
504811,3877,Travel,,,2029-02-06,Pending
504812,1829,Gadget,,2022-04-03,2026-06-18,Lapsed
504813,4468,Travel,,2023-08-08,2027-06-06,Active
504814,6156,Motor,,2024-11-04,2026-12-12,Pending
504815,988,Gadget,,2023-04-12,2026-09-18,
504816,5560,Travel,,2023-01-30,2026-09-21,
504817,3464,,902,2025-02-28,2028-09-08,
504818,3730,Travel,,2023-03-28,2028-06-07,
504819,575,Travel,,2024-12-28,2028-08-01,
504820,3795,Medical,,2022-12-09,2027-10-08,Active
504821,6602,,12313,2022-05-23,2026-12-11,
504822,5001,Gadget,,2023-07-02,2028-12-13,
504823,1879,,,2023-02-25,2026-05-20,
504824,1054,Motor,,2024-12-10,2026-07-22,Lapsed
504825,4438,Gadget,,2022-07-16,2027-05-22,Active
504826,2103,,10602,,2028-03-19,Pending
504827,198,Gadget,,2023-01-29,2028-12-06,
504828,5426,Travel,13595,2022-12-02,2028-08-27,
504829,2245,Life,,2023-02-07,2027-05-31,Active
504830,5422,Travel,748,2024-04-02,2027-03-10,
504831,5074,Life,,2023-09-13,2027-05-30,Lapsed
504832,5667,Medical,12137,2025-02-11,2026-05-28,Pending
504833,4062,,,2024-02-06,2029-01-08,
504834,199,Medical,,2024-12-20,2027-10-07,
504835,5218,Life,,2024-07-28,2028-05-07,
504836,870,Travel,,,2028-02-13,Lapsed
504837,6163,Travel,14039,2022-06-27,2027-07-01,
504838,173,,,2024-09-11,2028-09-12,Active
504839,3576,,4653,2023-02-11,2028-07-29,
504840,6454,Gadget,,2025-01-17,2027-07-31,Pending
504841,704,,,2022-07-30,2028-04-05,Lapsed
504842,459,Gadget,,,2027-07-11,Pending
504843,1961,Medical,3289,2022-11-03,2026-07-11,
504844,1425,Gadget,11679,2025-02-03,2029-03-01,Lapsed
504845,779,Gadget,814,2023-12-04,2027-07-27,
504846,5759,Gadget,,2024-02-09,2027-01-15,Lapsed
504847,2908,Medical,,2025-01-22,2027-12-28,Active
504848,5763,Gadget,,2024-10-10,2028-07-18,
504849,2954,Life,11115,2022-09-06,2026-09-12,
504850,792,Motor,,2024-11-04,2027-08-12,Pending
504851,5883,Motor,,2024-09-11,2026-06-09,Active
504852,2872,Gadget,,2023-04-20,2027-07-11,Active
504853,5499,Gadget,,2023-02-02,2026-08-18,Active
504854,2330,,,2023-04-15,2028-11-12,Pending
504855,6469,,5291,2024-12-30,2027-09-11,Lapsed
504856,664,Gadget,9289,2022-08-10,2028-09-25,
504857,5786,,,2024-03-19,2027-09-25,Lapsed
504858,2887,,,2024-06-12,2028-12-28,Lapsed
504859,1772,Life,,2022-03-24,2027-01-31,
504860,292,Medical,,2022-07-29,2028-04-13,Lapsed
504861,3089,Motor,11682,2022-10-08,2026-07-23,
504862,4816,,,2025-03-02,2028-10-24,Pending
504863,5087,,2261,2023-09-01,2028-01-09,
504864,1810,Travel,7090,2022-11-10,2027-07-27,Active
504865,4704,Gadget,13501,2024-05-19,2029-01-20,Lapsed
504866,322,,7560,2022-06-04,2027-10-03,Lapsed
504867,1649,Travel,7421,2022-09-19,2028-11-25,
504868,5258,,10191,2022-10-28,2028-08-30,Active
504869,4592,Life,13376,2024-07-13,2028-02-23,Active
504870,6951,,11143,2022-09-04,2026-04-15,Lapsed
504871,1422,Medical,12033,2023-05-18,2026-06-13,Pending
504872,6004,Travel,4801,2024-03-17,2028-07-18,
504873,1199,Gadget,,2023-07-31,2027-01-19,Active
504874,2698,Gadget,,2024-12-05,2027-03-17,Pending
504875,823,Life,,2024-11-23,2028-11-15,Lapsed
504876,220,,,2025-01-27,2027-04-18,Active
504877,5272,Gadget,12688,2023-03-15,2027-04-12,Active
504878,2686,Travel,,2022-09-11,2028-09-20,Pending
504879,758,Medical,7441,2022-08-07,2028-08-02,Active
504880,1576,Gadget,,2024-03-04,2027-10-24,Pending
504881,191,Gadget,,2022-07-26,2028-07-16,Pending
504882,5794,Travel,6783,2024-04-26,2028-04-06,Pending
504883,2684,Medical,5232,2022-07-10,2026-07-11,Lapsed
504884,6833,Travel,,2022-04-20,2027-02-24,Lapsed
504885,1343,Life,14800,2022-03-24,2027-05-30,
504886,4969,Gadget,5172,2022-08-04,2028-11-30,Lapsed
504887,6921,Motor,,2023-01-17,2028-10-15,Pending
504888,687,,1875,2023-08-28,2028-05-21,Active
504889,733,,,2023-12-26,2027-05-19,
504890,173,Life,,,2028-02-12,
504891,2281,,,2022-03-30,2027-04-29,Active
504892,3721,,,2024-09-06,2028-08-01,Lapsed
504893,751,,11556,2024-11-28,2028-12-09,
504894,651,Motor,,2024-08-22,2028-03-30,Active
504895,85,Travel,,2023-01-26,2026-05-13,Lapsed
504896,3021,Motor,,2023-09-18,2027-06-21,Pending
504897,4120,Medical,758,2023-01-19,2026-06-18,
504898,6913,Gadget,4647,2023-06-27,,Pending
504899,5859,Medical,,2022-05-21,2026-05-04,
504900,5603,Medical,,2024-03-28,2028-01-13,Lapsed
504901,6461,Travel,,2023-03-15,2027-03-05,
504902,6997,Medical,2760,2023-11-12,2026-04-16,Lapsed
504903,5359,Motor,6921,2023-03-18,2029-01-01,
504904,4885,,,2023-03-13,2026-04-07,
504905,4356,,11569,2023-11-01,2026-05-17,Pending
504906,3809,,,,2026-09-17,
504907,4708,Life,,2024-07-12,2028-07-08,
504908,3016,,,2023-09-16,,Active
504909,5341,Life,,2023-03-28,2027-02-06,Active
504910,4341,Life,11088,2022-07-18,2028-04-13,
504911,2439,Motor,,2023-03-25,2027-05-25,Pending
504912,385,Gadget,1508,2024-11-16,2027-11-17,Pending
504913,453,Motor,,2024-12-21,2026-08-24,Lapsed
504914,1101,Life,,2024-10-29,2027-09-18,Active
504915,3520,Gadget,,2023-10-20,2026-08-26,
504916,4604,Travel,,2023-03-30,2028-04-14,Active
504917,5324,Motor,,2024-05-20,2028-07-11,
504918,6792,Medical,2795,2023-06-19,2027-10-23,Pending
504919,5749,,,2023-11-11,2027-09-30,
504920,6204,Medical,,2022-08-19,2027-09-07,Pending
504921,497,Medical,,2022-07-31,2026-08-19,
504922,1535,Motor,,2022-07-03,2026-11-03,
504923,254,Travel,,2024-12-31,2028-12-11,Lapsed
504924,3414,Gadget,7432,2023-05-17,2026-07-19,Lapsed
504925,882,Motor,,2022-06-12,2027-09-25,
504926,5129,Motor,4445,2023-03-24,2028-08-29,
504927,429,Motor,3217,2024-10-31,2026-11-27,Lapsed
504928,5970,Gadget,,2022-05-20,2027-01-31,
504929,6673,Travel,1051,2023-12-13,2027-06-14,Lapsed
504930,6663,,14472,2024-11-25,2028-10-22,Active
504931,2151,Motor,,2023-01-07,2027-12-17,Pending
504932,1936,,,2022-05-23,2026-09-01,
504933,4537,Life,5170,2022-10-25,2028-04-08,
504934,860,Gadget,10682,2024-05-26,2026-07-12,
504935,6425,,,2025-03-02,2028-09-06,
504936,5910,Travel,5625,2023-08-05,2027-12-15,Pending
504937,439,Life,,2022-06-11,2027-11-12,
504938,5922,Motor,6934,2022-07-28,2027-05-28,
504939,3856,,,2024-10-31,2026-07-05,Pending
504940,2320,,,2023-05-21,2028-05-05,Active
504941,2342,Life,,2024-03-27,2028-06-27,Active
504942,2390,Medical,,2022-03-24,,Pending
504943,1696,,,2024-04-08,2026-10-22,Lapsed
504944,5547,Travel,592,2024-06-18,2028-11-09,Pending
504945,6744,,,2024-07-05,2028-02-28,
504946,3945,,3898,2023-05-16,2027-01-22,Lapsed
504947,1495,,,2024-02-10,2029-01-24,
504948,2071,,,2023-12-10,2028-02-06,
504949,2649,Travel,,2023-11-09,2026-10-05,Active
504950,986,Medical,,2022-03-26,2027-09-06,Lapsed
504951,1060,,,2024-02-10,2028-12-11,
504952,434,Life,,2024-11-11,2028-05-21,
504953,2658,,,2023-10-03,2027-02-02,Lapsed
504954,1641,Travel,,2024-03-21,2027-12-28,Active
504955,6138,Motor,10871,2024-03-16,2026-06-29,
504956,5486,Medical,13355,2023-03-09,2026-12-25,
504957,900,Travel,,2022-09-07,2027-08-21,
504958,3876,,,2022-11-23,2026-07-22,Active
504959,2495,Travel,,2022-12-11,2027-10-12,Pending
504960,1748,,,2023-09-21,2027-02-27,Lapsed
504961,5071,,9664,2023-12-19,2028-07-15,Active
504962,4990,Gadget,12525,2024-02-20,2028-08-02,Active
504963,6454,,,2024-05-06,2028-05-30,
504964,4175,,,2023-04-20,2026-04-03,Lapsed
504965,5581,Life,,2024-05-23,2026-07-30,Pending
504966,4156,Medical,,2022-11-09,2028-04-25,
504967,2702,Travel,,2025-02-15,2027-09-07,Active
504968,2431,Medical,,2022-12-06,2028-12-25,Pending
504969,2620,Motor,,2022-05-01,2026-11-01,
504970,5654,Gadget,1720,2025-01-15,2028-09-12,Pending
504971,2497,,,2024-08-27,2027-04-22,Active
504972,1601,,,2024-10-25,2028-09-15,
504973,3999,Life,,2023-05-27,2026-06-02,
504974,4983,,9865,2024-04-29,2027-01-05,Pending
504975,5089,,,2024-12-29,2026-12-16,Active
504976,5825,Life,12323,2023-08-27,2028-07-08,
504977,3174,Motor,866,2023-11-16,2028-02-27,Pending
504978,5848,Travel,,2022-06-15,2027-07-31,Active
504979,6375,Gadget,,2024-07-27,2026-06-26,Pending
504980,3478,Life,11503,2023-11-27,2027-10-20,Pending
504981,1149,,,2022-06-24,2028-07-12,
504982,3010,Medical,6064,2023-02-11,2027-01-20,Lapsed
504983,6601,Motor,14542,2024-07-16,2026-12-02,
504984,2052,,8531,2023-07-18,2026-06-14,Lapsed
504985,3442,Life,,2022-11-12,2028-08-04,
504986,217,,5504,2022-09-07,2028-09-24,
504987,5327,Travel,14038,2023-05-26,2027-09-06,
504988,472,Gadget,,2025-01-24,2026-05-23,Pending
504989,3528,,,2023-07-20,2028-12-15,Pending
504990,5851,Life,,2023-03-29,2028-06-14,Active
504991,1965,Travel,,2024-01-18,2026-05-14,Pending
504992,6845,Travel,,2022-11-28,2027-12-12,Pending
504993,6502,Motor,,2025-02-27,2028-11-22,Active
504994,5342,,,2022-07-05,2027-12-17,Lapsed
504995,6823,Travel,6045,2025-01-27,2026-10-25,
504996,2397,Motor,12987,2023-11-12,2027-11-02,
504997,5886,Medical,,2022-12-26,2027-09-25,Pending
504998,2309,,,2022-06-08,2027-10-31,Active
504999,4434,Motor,,2023-02-28,2027-08-19,Pending
505000,4559,Life,9745,2023-01-20,2027-12-06,
505001,5722,Motor,,2024-05-27,2029-01-14,Active
505002,1787,Gadget,,2023-06-18,2026-11-19,Lapsed
505003,770,Medical,13228,2025-01-17,2027-07-15,Lapsed
505004,3935,Motor,,2024-05-31,2026-04-11,Pending
505005,3993,Medical,,2023-03-05,,Active
505006,3325,,,2025-01-14,2027-06-05,
505007,5209,Motor,4328,2024-01-12,2026-10-02,
505008,6304,Travel,,2024-10-04,2028-02-11,Active
505009,442,Travel,,2022-08-01,2028-02-29,
505010,3350,,1624,2023-03-13,2026-10-01,Pending
505011,6836,Life,13078,2023-12-01,2028-05-21,Lapsed
505012,6589,Travel,,2023-11-29,2028-10-02,
505013,5604,Gadget,,2023-03-13,2026-12-21,Lapsed
505014,6348,Travel,,2024-12-18,2027-10-08,
505015,6677,Gadget,10740,2024-03-28,2027-08-12,
505016,5822,Motor,,2025-01-26,2026-06-23,
505017,1039,,14230,2023-05-07,2027-07-19,Lapsed
505018,6667,Motor,,2024-12-22,2029-03-10,Active
505019,3630,Gadget,,2024-10-05,2026-12-08,Lapsed
505020,5191,Life,,2024-10-19,2028-08-04,Pending
505021,3544,,12390,2022-11-20,2029-03-15,Pending
505022,383,Travel,10850,2024-03-07,2026-06-20,
505023,1274,Gadget,,2024-08-07,,Pending
505024,1064,Travel,,2022-12-07,2028-05-16,Active
505025,238,,9258,2024-03-11,2028-11-23,Active
505026,6519,Medical,14428,2023-05-08,2027-10-26,
505027,838,Life,1398,2024-01-02,2026-09-28,Pending
505028,4018,Motor,,2022-10-01,2026-10-24,
505029,4142,Gadget,,2023-11-12,2028-08-15,Lapsed
505030,72,Medical,,2023-03-05,2029-02-21,Active
505031,4900,,,2022-04-03,2026-07-06,
505032,2360,Gadget,,2022-03-29,2027-05-07,
505033,3724,,,2023-08-05,2027-03-08,Active
505034,965,,,2022-10-29,2027-10-07,Active
505035,589,Gadget,8421,2025-01-24,2028-01-05,
505036,3347,,,2022-04-26,2026-05-19,
505037,5782,,3319,2024-08-19,2027-11-27,Active
505038,4108,Gadget,,2022-03-20,2026-12-26,
505039,4384,Gadget,,2024-12-16,2028-07-02,
505040,4646,Motor,5062,2023-10-12,2027-12-21,
505041,4541,Motor,,2023-08-21,2027-05-31,Active
505042,6353,Motor,,2024-02-27,2026-10-08,Pending
505043,4058,Life,6301,2023-12-27,2026-05-07,
505044,2558,,,2024-10-03,2026-06-01,
505045,848,Motor,,2024-08-30,2028-03-13,Active
505046,2405,Travel,,2022-11-10,2027-07-09,
505047,3920,Motor,10408,2023-02-04,2028-08-14,
505048,5701,Gadget,,2024-01-24,2029-02-15,Active
505049,6088,Gadget,,2023-10-14,2027-07-12,
505050,5703,Travel,,2022-10-22,2026-10-05,Active
505051,5881,Medical,,2023-11-07,2027-02-27,Pending
505052,6363,Gadget,10000,2022-12-04,2028-09-05,Lapsed
505053,6221,Gadget,,2022-07-03,2027-05-04,
505054,5347,Motor,,2023-02-09,2028-12-05,
505055,5009,Motor,,2024-07-03,2028-04-20,
505056,4478,Gadget,,2023-11-15,2026-10-18,Active
505057,3975,Travel,,2024-10-22,2027-07-19,Active
505058,6762,Gadget,,2024-09-19,2027-01-07,
505059,6090,Motor,,2022-05-09,2028-03-11,
505060,64,,6844,2023-08-18,2028-08-01,Active
505061,3703,Motor,4338,2024-08-08,2027-06-30,Active
505062,4221,,9556,2023-08-15,2027-01-30,Active
505063,887,Motor,,2022-11-06,2028-12-27,Lapsed
505064,762,,,2025-01-27,2026-12-14,
505065,1510,Travel,,2023-03-18,2028-04-15,Active
505066,4238,Gadget,2742,2023-02-26,2027-01-23,Pending
505067,37,Motor,14134,2024-06-16,2027-08-23,
505068,6669,Medical,,2022-06-23,2027-05-27,Pending
505069,4680,,,2024-09-23,2028-02-03,Active
505070,4916,Motor,,2022-06-18,2028-06-11,
505071,1994,Life,,2023-11-01,2028-08-27,
505072,1697,,,2024-03-26,2028-02-03,Lapsed
505073,357,Medical,,2024-02-23,2026-03-25,Lapsed
505074,916,Motor,12550,2024-02-04,2027-02-09,
505075,2884,Life,,2022-06-11,2027-02-17,Pending
505076,2547,Travel,1299,2022-05-23,2027-06-23,Active
505077,6355,Life,,2022-12-29,,Pending
505078,6616,Gadget,,2023-04-28,2027-07-28,Lapsed
505079,189,,,2023-09-29,2029-02-14,
505080,6326,Gadget,,2023-11-20,2028-02-03,Pending
505081,2927,Travel,7651,2022-04-16,2029-02-13,
505082,3286,Travel,,2023-09-24,2027-03-07,Pending
505083,504,Travel,9317,2022-05-07,2026-06-30,Pending
505084,1731,Life,,2025-01-08,2027-09-11,Pending
505085,240,Life,,2022-10-16,2029-02-16,Lapsed
505086,3583,,,2024-02-17,2027-03-10,Active
505087,5114,Travel,,2022-10-12,2027-02-17,
505088,2964,Life,,2023-11-12,2028-02-07,
505089,5155,Gadget,,2022-12-06,2026-11-22,Active
505090,236,Motor,,,2027-07-13,Lapsed
505091,6859,Medical,,2023-07-21,2026-09-08,Lapsed
505092,6285,Travel,,2022-04-01,2028-05-14,Active
505093,2138,Gadget,,2024-02-20,2026-09-25,Lapsed
505094,151,Life,5554,2022-11-11,2029-02-28,Lapsed
505095,5608,Medical,,2024-01-25,2028-01-04,
505096,3341,,,2025-02-25,2029-03-13,Active
505097,5168,Travel,3930,2022-06-02,2027-05-29,Lapsed
505098,6706,Life,,2022-04-21,2027-07-28,Pending
505099,2512,,9870,2023-03-11,2026-10-30,Lapsed
505100,1133,Life,,2023-03-02,2029-01-30,Lapsed
505101,6222,Medical,,,2026-07-10,
505102,2024,Life,3333,2024-04-10,2026-04-25,Lapsed
505103,6141,Medical,,2024-10-02,2027-12-31,Active
505104,564,Gadget,,2023-04-03,2028-05-15,
505105,354,,,2023-05-29,2028-07-21,Active
505106,4840,,,2024-02-15,2029-02-07,
505107,2268,Travel,,2024-09-14,2027-09-23,
505108,1563,Life,5365,2022-05-23,2027-03-23,
505109,6733,Motor,,2022-04-15,2027-05-27,
505110,1859,Medical,8115,2023-01-09,2027-07-04,
505111,2151,Gadget,,2023-04-10,2027-08-13,
505112,2406,,,2024-09-13,2027-06-22,Pending
505113,709,Motor,3146,2023-09-09,2026-10-26,Lapsed
505114,4923,Travel,,2022-08-19,2028-10-05,
505115,4944,Gadget,,2024-09-01,2026-11-22,Pending
505116,4767,Medical,,2024-08-28,2028-04-09,Active
505117,1622,Gadget,,2025-02-08,2026-04-12,Lapsed
505118,899,,,2023-08-18,2027-06-12,Pending
505119,2885,,11781,2023-01-01,2026-06-26,
505120,3407,,,2025-01-14,2027-11-18,
505121,1762,Gadget,5910,2022-08-05,2027-12-11,Active
505122,3343,Gadget,8194,2024-03-12,2027-10-16,
505123,3739,Travel,,2023-05-30,2028-07-08,Lapsed
505124,4685,Motor,,2024-08-15,2029-02-21,Active
505125,5118,Gadget,,2023-05-25,2026-11-02,
505126,5090,,,2022-06-14,2029-01-28,
505127,3218,Life,,,2028-03-14,
505128,2058,Gadget,,2023-12-24,2027-10-25,
505129,452,Gadget,,2024-02-10,2027-10-10,Lapsed
505130,3522,Travel,672,2023-10-20,2026-04-02,Active
505131,6814,Travel,8648,2024-08-02,2026-04-13,Lapsed
505132,2484,,7489,2023-01-14,2028-03-10,Lapsed
505133,5118,Travel,,2025-01-26,2026-05-05,Pending
505134,5343,,9463,2024-12-20,2028-06-21,Lapsed
505135,3385,,,2023-10-11,2028-11-20,Pending
505136,4782,,,2023-11-09,2026-08-24,
505137,6147,Travel,,2024-12-16,2026-11-25,
505138,831,Gadget,,2023-11-19,2026-09-23,Active
505139,5036,Gadget,,2024-04-18,2027-02-22,Lapsed
505140,5701,Medical,,2024-07-11,2027-08-18,Pending
505141,3534,Travel,,2023-05-14,2028-12-07,Pending
505142,893,Medical,,2024-07-22,,
505143,311,Motor,3710,2024-03-08,2028-01-04,
505144,2106,,11774,2023-05-31,2028-10-26,Pending
505145,62,Travel,,2024-02-18,2028-11-23,
505146,997,,,2024-03-04,2027-12-23,Active
505147,5127,,,2022-06-26,2028-09-14,
505148,4371,,,2024-06-21,2028-12-22,
505149,4177,Motor,6855,2024-02-05,2026-11-11,Lapsed
505150,432,,5802,2022-04-13,2027-05-04,Pending
505151,3304,Life,,2023-12-09,2026-04-09,
505152,1485,Gadget,12458,2022-12-18,2028-05-24,
505153,6329,Gadget,,2024-03-18,2028-12-21,Lapsed
505154,3477,Medical,,2022-06-15,,Pending
505155,3691,Gadget,12685,2024-08-20,2026-08-27,
505156,5889,Motor,,2023-03-01,2026-12-28,Pending
505157,6994,Gadget,,2024-03-31,2028-02-10,Lapsed
505158,280,Travel,2974,2024-11-04,2028-04-08,Pending
505159,4766,Life,10061,2023-09-04,2027-02-18,Pending
505160,2971,Medical,,2024-12-10,2027-10-23,
505161,4020,,5219,2022-05-04,,
505162,5403,Medical,,2024-07-03,2026-08-23,
505163,4931,Medical,,2024-09-02,2027-02-19,Lapsed
505164,5620,Travel,,2024-07-21,2028-03-30,Lapsed
505165,2677,Gadget,,2024-11-02,2027-07-28,Active
505166,1744,Travel,427,2024-05-30,2026-10-26,Lapsed
505167,4100,Motor,,2022-07-07,2026-12-14,Active
505168,3501,,6688,2025-03-15,2028-03-29,Lapsed
505169,697,Gadget,,2022-09-25,2027-08-05,
505170,896,Travel,,2023-11-29,2026-12-08,Pending
505171,5505,Motor,,2024-11-09,2026-04-30,
505172,4321,Motor,8066,2025-03-02,2028-07-13,Lapsed
505173,6188,Travel,,2022-11-15,2026-09-25,Pending
505174,621,Travel,,2024-06-09,2027-03-11,Active
505175,1882,Life,,2023-10-23,2028-10-25,
505176,871,Travel,14166,2024-03-17,2027-02-04,Lapsed
505177,2052,Medical,,2024-10-20,2028-11-17,
505178,1953,Gadget,14745,2023-08-14,2026-10-27,
505179,4530,,,2024-08-31,2028-02-07,
505180,1917,Motor,13568,2023-10-23,2027-08-10,Lapsed
505181,6877,,9236,2024-12-17,2028-03-27,Active
505182,3892,Medical,,2022-12-06,2027-01-06,
505183,4619,,,2025-01-02,2027-02-18,
505184,3203,Medical,,2023-05-20,2027-10-31,Pending
505185,5906,Motor,,2023-01-09,,Pending
505186,3358,,,2022-10-11,2027-08-06,
505187,4561,Gadget,4425,2025-02-04,2026-11-18,
505188,5806,Life,,2022-07-29,2026-08-17,Active
505189,5854,Life,,2023-11-29,2029-02-14,Lapsed
505190,4577,,,2024-09-11,2028-01-08,Pending
505191,3217,Medical,11135,2022-12-21,2027-04-29,
505192,167,Medical,4341,2023-09-28,2028-09-26,
505193,5200,Travel,,2025-02-07,2028-03-14,Lapsed
505194,289,Life,5184,2022-05-05,2027-12-24,
505195,879,Life,,2022-08-02,2028-10-27,
505196,1474,Gadget,,2024-01-08,2026-05-21,
505197,1669,Travel,12473,2023-06-19,2027-10-02,
505198,3748,Motor,,2022-11-22,2026-12-27,Active
505199,3331,Motor,3720,2024-07-09,2029-01-10,Pending
505200,3944,Gadget,,2024-02-04,2028-06-22,
505201,160,Motor,,2022-08-07,2027-11-30,Active
505202,2190,Life,,2024-10-19,2026-08-15,Lapsed
505203,5498,Medical,1618,2025-01-27,2028-08-14,Lapsed
505204,5542,Travel,4402,2023-01-12,2029-02-01,Lapsed
505205,1783,Motor,,2023-10-19,2029-03-12,
505206,4075,Motor,,2024-11-28,2027-09-01,
505207,6789,Motor,8352,2022-05-31,2027-05-06,Lapsed
505208,5806,Motor,,2022-11-30,2027-10-18,
505209,3546,Medical,8118,2025-03-08,2027-04-26,Pending
505210,6328,Medical,,2023-02-24,2027-11-14,Active
505211,2001,,,2024-12-02,2028-06-23,Active
505212,3388,,,2022-03-29,2028-08-08,Pending
505213,3667,Gadget,,2023-01-21,2026-06-28,Lapsed
505214,2123,,13691,2023-02-17,2029-01-03,
505215,775,Life,,2023-01-09,2028-12-07,Active
505216,4493,Motor,,2024-07-26,2027-08-14,
505217,627,Gadget,,2022-07-24,2028-01-30,Active
505218,665,Life,,2024-07-16,2027-12-17,Lapsed
505219,5106,Medical,,2024-05-25,2027-07-10,Lapsed
505220,5232,Motor,10741,2023-10-14,2027-11-24,
505221,2188,,3695,2025-01-01,2027-07-01,Lapsed
505222,6687,Medical,7611,2024-07-20,2026-06-01,
505223,6876,,767,2022-05-29,2028-09-07,Lapsed
505224,1295,Motor,10721,2022-11-12,2027-01-03,
505225,2571,Medical,,2022-10-29,2029-01-01,
505226,615,,3577,2022-09-24,2027-11-13,
505227,4512,Gadget,,2023-07-05,2027-07-15,
505228,5072,Gadget,,2022-09-25,2026-07-04,Pending
505229,3849,,,2022-08-15,2027-01-11,Active
505230,5172,Medical,,2025-01-06,2027-08-23,Lapsed
505231,4265,Medical,,2025-03-18,2027-03-15,Active
505232,6739,,,2025-03-16,2029-01-18,Lapsed
505233,4046,Travel,9073,,2028-05-04,
505234,5388,,,2023-04-10,2027-02-10,Pending
505235,6080,Motor,,2023-07-21,2027-10-21,
505236,3928,Travel,3415,2025-02-06,2027-12-30,
505237,2005,,8958,2023-07-10,2027-05-06,
505238,6284,Medical,,2025-02-25,2027-06-09,Lapsed
505239,621,Gadget,3387,2023-05-02,2027-06-15,
505240,1061,Motor,5449,2024-07-21,2027-04-06,Lapsed
505241,3205,Gadget,3083,2022-11-13,2027-03-14,Active
505242,4105,Medical,,2024-07-25,2028-02-12,Lapsed
505243,4281,,,2023-02-09,2027-01-08,Pending
505244,6899,,,2024-05-30,2026-09-24,Lapsed
505245,1094,Travel,,2023-03-01,2026-09-22,Pending
505246,2280,,,2024-07-21,2028-08-10,
505247,1906,,,2024-06-15,2026-05-22,
505248,6014,Motor,,2023-03-15,2028-07-26,Lapsed
505249,3469,,,2023-12-01,2028-01-13,Active
505250,848,Travel,2966,2025-02-17,2027-01-11,Active
505251,6612,Motor,,2022-05-18,2027-01-15,Pending
505252,5765,,,2023-10-06,2026-09-01,Lapsed
505253,2678,,,2024-08-20,2028-07-29,Pending
505254,4433,Gadget,,2022-10-13,2026-10-21,
505255,1718,Life,,2022-11-17,2028-05-27,Lapsed
505256,3230,Motor,,2025-02-21,2027-10-04,Lapsed
505257,2745,,,,2027-06-05,Lapsed
505258,139,Medical,,2022-11-10,2027-03-12,Pending
505259,200,,,2023-09-28,2029-03-06,Lapsed
505260,2355,Motor,,2022-09-16,2026-08-02,
505261,3648,,7390,2024-02-24,2028-09-25,Pending
505262,2789,Medical,9870,2023-09-02,2028-01-24,Active
505263,6175,Life,8539,2024-06-29,2026-06-26,Active
505264,5744,Life,,2023-09-27,2027-10-30,
505265,3585,Gadget,,2023-03-05,2027-08-19,Active
505266,1113,Gadget,,2022-03-20,2028-03-08,Lapsed
505267,2908,,,2024-03-01,2026-11-08,
505268,6871,Life,13530,2024-07-11,2027-11-15,Active
505269,6963,Motor,,2023-12-21,2028-07-03,Pending
505270,1373,,13360,2023-11-26,2028-12-17,Active
505271,4502,Motor,8435,2023-12-23,2028-04-23,
505272,6346,Gadget,4086,2025-03-09,2027-09-09,Lapsed
505273,6702,Motor,,2023-08-31,2028-04-20,Active
505274,3473,Motor,10545,2022-05-05,2029-02-04,Lapsed
505275,4365,Motor,3098,2022-12-12,2029-01-02,
505276,336,Motor,10236,2022-12-15,2028-02-19,Active
505277,2419,Medical,,2022-09-08,2027-08-27,
505278,588,Gadget,,2024-12-16,2027-02-23,Lapsed
505279,4336,Life,,2022-04-22,2027-11-23,
505280,6769,Life,,2022-12-26,2027-08-27,
505281,807,Medical,,2024-07-31,2028-03-13,Pending
505282,6419,Gadget,4331,2023-03-14,2028-08-09,Lapsed
505283,829,,,2024-02-21,2026-07-30,Active
505284,5216,,,2023-02-24,2028-07-20,
505285,5689,Medical,,2024-11-03,2026-04-11,
505286,5167,Gadget,1538,2022-10-11,2028-03-21,Lapsed
505287,2895,Medical,,2022-11-01,2027-10-04,
505288,3232,,,2023-11-25,2026-04-29,
505289,3585,Motor,,2022-10-16,2028-04-10,Pending
505290,1743,Medical,,2022-05-29,2029-01-29,Lapsed
505291,2083,Medical,1387,2022-07-05,2027-11-02,Active
505292,724,Travel,9019,2022-12-06,2027-01-28,
505293,4767,,4599,2024-06-23,2027-03-25,Active
505294,2964,,,2023-06-25,2026-12-27,
505295,3887,Gadget,,2023-12-02,2026-12-11,
505296,2072,Motor,13987,2024-04-22,2026-11-17,Active
505297,2548,Medical,,2023-08-21,2026-05-05,
505298,330,Motor,1466,2024-03-31,2028-11-13,
505299,505,,4007,2024-10-05,2028-08-08,
505300,2809,Gadget,11547,2022-12-13,2026-09-08,
505301,3043,,,2023-09-23,2028-10-04,
505302,2430,,,2024-05-02,,
505303,4800,Life,,2023-09-28,2026-04-16,Pending
505304,2141,Travel,1244,2024-08-01,2026-06-02,
505305,1225,Travel,11194,2024-02-06,2026-04-01,Active
505306,3192,Gadget,,2022-04-07,2028-11-19,Pending
505307,4746,Travel,,2022-04-04,2027-01-11,Active
505308,3840,Life,9994,2023-05-08,2027-02-10,
505309,957,Motor,,2024-05-12,2027-03-08,Lapsed
505310,3586,,11892,2022-12-31,2027-11-30,
505311,3351,Medical,,2023-10-23,2026-04-11,Pending
505312,850,,,2023-11-19,2027-02-16,
505313,954,Gadget,,2023-07-10,2027-02-08,Pending
505314,4491,,13776,2024-08-10,2027-04-13,Lapsed
505315,2405,,3613,2024-04-30,2026-10-14,Lapsed
505316,4088,Gadget,,2024-08-09,2027-11-20,
505317,6013,Travel,,2024-01-19,2027-08-09,Active
505318,5028,Medical,12630,2022-09-17,2027-09-03,Pending
505319,3425,,,2024-06-15,2026-06-30,Active
505320,5695,Travel,,2023-08-06,2026-04-14,Lapsed
505321,1060,Travel,,2023-09-04,2028-08-16,
505322,1977,Motor,,2023-10-06,2028-03-02,
505323,4568,Motor,,2024-06-10,2029-03-01,
505324,2905,,,2022-04-01,2026-09-29,
505325,2327,Travel,,2023-09-03,,
505326,4534,Life,13098,2023-12-29,2028-05-06,Lapsed
505327,1599,Gadget,,2023-01-15,2027-06-06,Pending
505328,3798,,,2024-11-29,,
505329,4129,Life,10491,2024-06-01,2028-02-29,Active
505330,687,Gadget,,2024-09-12,2026-07-14,Active
505331,1555,Medical,,2023-05-22,2026-05-14,Lapsed
505332,930,Medical,,2024-04-23,2027-06-07,Active
505333,6935,Life,1127,2022-09-12,2027-11-16,
505334,6254,Travel,,2023-01-14,2028-01-14,
505335,1498,,3531,2023-05-20,2027-04-29,
505336,2052,Travel,9581,2024-01-10,2026-12-03,
505337,1121,,,2024-06-21,2027-10-20,Lapsed
505338,2507,,,2023-12-31,2027-07-18,
505339,3826,Medical,,2024-12-10,2027-06-07,
505340,3200,Travel,5371,2023-03-19,2029-01-14,
505341,6240,Motor,13928,2022-06-11,2026-03-25,Lapsed
505342,693,Medical,871,2022-12-07,2028-11-16,Active
505343,5232,,,2022-12-20,2028-04-25,Pending
505344,5593,Gadget,,2022-06-22,2029-01-19,
505345,1657,,,2024-04-21,2027-05-20,
505346,918,Gadget,11644,2024-05-29,2027-06-20,Pending
505347,4514,Travel,,2025-03-13,2029-03-09,Active
505348,417,Gadget,,2022-09-03,2028-01-23,Active
505349,2585,Gadget,,2024-09-20,2027-02-06,Active
505350,5646,Life,,2023-08-10,2026-09-04,Active
505351,3182,Life,281,2022-09-29,2027-02-02,Lapsed
505352,4402,Gadget,4683,2024-12-31,2026-11-13,Lapsed
505353,5150,Medical,,2023-11-24,2028-07-29,Pending
505354,5590,,,2024-12-08,2028-05-04,
505355,2387,Gadget,4770,2024-09-26,2028-10-23,
505356,1796,,5503,2024-01-12,2026-09-27,Active
505357,72,Motor,10411,2025-02-04,2028-11-26,Pending
505358,1837,Medical,,2022-10-23,2027-04-16,Lapsed
505359,3188,,8353,2022-10-26,2027-07-10,
505360,5376,Motor,512,2022-05-02,2026-10-31,Pending
505361,6631,,,,2026-06-24,
505362,2890,Motor,,2024-05-21,2026-07-12,Active
505363,4636,,,2022-04-07,2026-05-22,
505364,1718,,8146,2022-04-29,2026-11-14,
505365,3258,Travel,6625,2024-05-26,2026-12-06,Lapsed
505366,4949,Life,,2022-09-22,2028-07-09,Pending
505367,5953,Travel,,2024-03-13,2026-05-29,
505368,763,,,2024-12-06,2029-01-30,
505369,5029,Motor,,2024-09-07,2028-11-11,
505370,5302,Travel,,2025-02-22,2027-07-13,Lapsed
505371,5474,Travel,,2024-12-30,2028-09-19,Active
505372,2955,Medical,,2024-12-06,2028-08-29,Pending
505373,3216,Travel,,2024-01-26,2027-09-24,
505374,5607,Medical,10769,2024-01-05,2027-03-05,Pending
505375,6350,,,2024-07-26,2028-06-07,Pending
505376,4348,Travel,,2022-09-06,2029-02-13,Active
505377,6593,,12500,2023-06-06,2029-02-13,Pending
505378,863,,6222,2023-11-23,2028-03-01,
505379,4268,Travel,1140,2023-12-23,2027-01-12,Lapsed
505380,6827,Motor,,2023-04-29,2027-12-23,
505381,4337,,13032,2023-12-25,2027-03-28,
505382,3995,Motor,6170,2022-03-21,2028-11-01,
505383,337,Gadget,3968,2024-10-19,2028-04-13,Active
505384,4850,,,2023-10-21,2027-03-03,Pending
505385,80,Gadget,,2024-12-22,2026-06-04,
505386,2817,Medical,,2022-04-07,2026-05-03,
505387,3319,,,2024-10-26,2029-02-11,Active
505388,6686,Motor,,2023-06-15,2028-03-07,Lapsed
505389,2171,Gadget,10410,2022-06-27,,Lapsed
505390,2752,,14804,2025-01-28,2028-07-12,Lapsed
505391,1957,Travel,,2023-10-20,2028-07-18,Lapsed
505392,4503,Motor,,2023-05-12,2026-07-02,Active
505393,3611,,,2025-02-06,2027-09-21,Pending
505394,1893,,,2023-08-02,2029-01-31,Active
505395,3672,,,2022-06-01,2026-06-04,
505396,5788,Travel,,2023-01-18,2026-05-24,
505397,2522,Travel,,2022-04-01,2026-03-29,Pending
505398,4696,,11765,2023-04-06,2027-09-01,Lapsed
505399,863,Medical,10961,2023-02-28,2029-01-28,
505400,2777,,4717,2023-02-17,2026-03-24,
505401,179,Motor,12659,2022-07-19,2026-09-19,Active
505402,130,Travel,9980,2022-12-01,2029-02-14,Pending
505403,1277,Medical,5874,2023-12-18,2027-05-21,
505404,1095,Life,,2023-09-23,2027-09-17,
505405,3440,Life,,2022-05-31,2027-07-27,Pending
505406,1111,Travel,,2023-10-05,2027-01-05,Active
505407,861,Travel,,2023-05-11,2026-08-27,Pending
505408,3678,Life,12250,2024-05-04,2028-03-07,
505409,413,Gadget,,2024-05-30,2028-07-04,
505410,927,Medical,1864,2024-01-09,2026-07-16,Pending
505411,6002,Travel,9132,2023-04-10,2027-04-28,Active
505412,3498,,10168,2023-09-09,2028-06-14,Lapsed
505413,2754,Life,2851,2024-02-17,2026-10-25,
505414,5043,Life,5921,2022-05-05,2028-10-11,
505415,335,Life,,2023-08-13,2027-03-14,
505416,2045,Life,,2023-11-03,2026-08-01,Active
505417,1552,,,2023-07-18,2026-11-14,
505418,2056,Life,,2023-10-15,2027-04-13,
505419,3624,Life,5525,2023-06-30,2027-05-30,Pending
505420,209,Travel,,2024-04-24,2027-09-11,Pending
505421,6329,,8962,2024-08-06,2028-02-15,Pending
505422,1781,,,2023-07-18,2029-01-08,
505423,206,Medical,,2024-04-14,2029-01-27,
505424,2645,Life,,2024-02-04,2028-10-12,
505425,5554,Life,954,2023-11-23,2028-04-09,Pending
505426,283,,,2022-06-13,2026-12-14,Lapsed
505427,1696,Life,5978,2023-08-06,2026-03-26,Pending
505428,1488,Life,,2024-06-03,2027-08-18,Lapsed
505429,5020,Life,,2024-01-17,2026-12-06,Lapsed
505430,1916,Motor,658,2023-03-21,2028-05-15,
505431,6374,Motor,,2024-03-23,2027-09-24,
505432,2167,Life,5208,2024-03-28,2026-09-04,
505433,6429,Life,,2023-06-08,2029-01-24,Active
505434,1969,Gadget,,2024-01-13,2027-10-07,Lapsed
505435,755,Gadget,,2024-04-02,2028-01-24,Pending
505436,2429,Medical,13305,2023-11-04,2027-10-28,
505437,6263,Motor,14102,2022-11-03,2027-03-24,Lapsed
505438,536,Travel,12541,2024-02-27,2028-05-19,Pending
505439,341,Medical,504,2024-11-30,2027-06-28,Lapsed
505440,2727,,,2025-02-09,2028-03-01,Pending
505441,904,,,2024-01-05,2026-06-26,Lapsed
505442,3922,Medical,7817,2023-03-22,2026-06-02,Active
505443,1491,Life,,2022-07-13,2026-11-17,Pending
505444,147,Life,8735,2023-11-27,2028-07-13,Pending
505445,3750,Travel,1908,2022-06-22,2027-07-11,Pending
505446,4524,Gadget,12497,2022-05-22,2028-05-21,Active
505447,5402,Life,,2024-12-03,2027-05-29,
505448,3654,Motor,,2025-01-11,2028-03-20,Pending
505449,2330,Travel,,2023-11-08,2027-07-30,Pending
505450,2140,,,2025-03-15,2026-07-07,
505451,418,Travel,318,2023-10-03,2026-08-08,Active
505452,1197,Life,,2024-01-27,2028-06-26,
505453,4389,Travel,,2023-01-16,2026-08-16,Lapsed
505454,1625,Gadget,11734,2023-07-01,2028-12-22,Active
505455,6870,Life,1118,2024-05-04,2026-08-16,
505456,5983,Gadget,11948,2025-01-27,2026-05-13,
505457,6406,Gadget,,2024-01-24,2027-10-15,Active
505458,4767,,5127,2024-01-24,2028-04-18,Pending
505459,5697,Motor,,2024-03-10,2028-05-26,Active
505460,104,Life,5555,2022-04-26,2027-01-07,Lapsed
505461,5001,Motor,,2023-11-18,2028-09-13,Lapsed
505462,6140,Motor,,2023-01-13,2026-05-26,Active
505463,5013,Travel,,2023-06-29,2027-08-15,Pending
505464,5354,Medical,13184,2023-08-10,2028-09-11,
505465,579,Life,,2024-09-11,2027-11-02,
505466,2986,Gadget,11341,2022-07-29,2028-04-27,
505467,3205,,,2023-01-09,2029-03-10,Active
505468,6181,Travel,,2024-07-16,2026-06-18,Pending
505469,5965,Motor,,2023-01-22,2026-07-09,Lapsed
505470,3164,,14037,2023-12-05,2028-03-14,Active
505471,561,Motor,,2022-11-20,2028-01-15,
505472,665,Life,,2024-06-16,2028-07-04,Pending
505473,138,Travel,,2023-05-19,2028-07-29,
505474,1122,,,2024-07-02,2027-02-05,Pending
505475,3599,,10298,2023-06-13,2028-08-07,Pending
505476,2253,Gadget,,2024-08-31,2026-06-10,
505477,2235,Motor,,2022-12-23,2028-11-28,Pending
505478,4337,Travel,12922,2024-08-29,2026-09-22,
505479,3639,,,2023-01-02,2028-11-26,Lapsed
505480,4919,Gadget,,2024-06-18,2027-04-01,Pending
505481,2250,Travel,,2023-03-31,2028-02-27,Lapsed
505482,5090,Motor,,2024-07-28,2027-09-19,Active
505483,6111,Motor,,2022-05-11,2027-10-28,Active
505484,3256,Gadget,,2023-01-11,2027-03-30,
505485,6131,Travel,,2022-04-28,2026-11-13,
505486,3845,Motor,,2023-10-08,2026-05-02,
505487,2822,,,2022-04-02,2029-02-08,Pending
505488,2472,Travel,,2022-10-11,2026-04-29,Active
505489,6587,,,2023-11-16,2026-04-12,Pending
505490,6925,Life,14069,2024-12-02,2027-06-21,Lapsed
505491,5934,,4584,2024-03-28,2026-12-20,
505492,3312,Gadget,,2023-02-17,2028-05-02,
505493,229,Medical,14144,2024-07-01,2026-07-17,Lapsed
505494,128,Gadget,3432,2024-11-27,2026-06-06,Active
505495,5783,Motor,,2022-05-16,2027-01-31,
505496,149,Travel,,2024-07-15,2027-12-12,Lapsed
505497,6111,,,2024-10-08,2029-02-25,
505498,5151,Gadget,,2022-09-12,2028-09-01,Lapsed
505499,1876,Medical,,2022-10-29,2027-09-06,Active
505500,2275,Life,,2023-08-04,2026-08-15,Pending
505501,5826,Motor,,2023-03-15,2027-07-10,Lapsed
505502,7000,Travel,11011,2024-04-01,2027-05-28,Lapsed
505503,383,Life,,2024-01-17,2026-04-12,
505504,2379,Motor,,2023-02-15,2027-07-09,Pending
505505,1476,Gadget,,2024-08-19,2028-09-07,
505506,4506,Gadget,9664,2024-01-01,2028-07-23,Pending
505507,4750,Medical,,2023-01-17,2028-07-08,Pending
505508,1534,,,2023-10-05,2027-08-09,Pending
505509,5102,Life,,2022-03-31,2026-08-27,Lapsed
505510,2282,Gadget,3333,2023-06-06,2027-08-13,Lapsed
505511,2148,Medical,,2022-09-14,2029-01-24,Lapsed
505512,1177,Travel,6475,2023-10-08,2026-10-15,Pending
505513,1383,Travel,13288,2024-01-18,2028-07-07,Lapsed
505514,2378,Life,11513,2023-05-16,2027-04-26,Lapsed
505515,6627,Travel,2362,2022-07-20,2028-12-31,Pending
505516,3264,Gadget,,2022-08-01,2027-08-18,
505517,3141,Travel,,2022-07-07,2028-04-10,Lapsed
505518,1860,Gadget,12726,2022-09-30,2028-06-27,
505519,1137,Medical,1159,2022-04-16,2027-04-03,
505520,3476,,,,2027-05-10,
505521,2430,,,,2026-05-25,Pending
505522,4139,Gadget,,2022-11-25,2027-10-31,
505523,4485,Gadget,,2022-12-29,2027-11-11,
505524,5469,Life,11424,2024-11-18,2028-10-18,Lapsed
505525,3820,,5438,2023-06-17,2027-12-15,
505526,3037,Travel,,2024-09-23,2026-05-08,Pending
505527,110,Gadget,,2025-01-23,2027-03-05,Lapsed
505528,928,Life,,2023-08-08,2027-12-30,Pending
505529,854,Life,,2023-03-12,2028-03-10,
505530,1837,Life,8860,2024-10-23,2029-01-18,Pending
505531,4523,Motor,,2024-04-05,2028-12-06,
505532,3830,,,2024-07-25,2027-10-30,Active
505533,364,Life,10771,2023-08-24,,Pending
505534,4167,Life,9725,2023-08-15,2028-08-09,
505535,993,,,2025-01-18,2027-01-20,
505536,6038,Gadget,,2023-11-05,2026-12-16,Lapsed
505537,6697,Life,6513,2022-07-22,2029-02-08,Active
505538,3898,Life,,2024-07-20,2027-01-31,
505539,5307,Motor,,2022-12-19,2029-03-09,Lapsed
505540,4636,Motor,,2023-02-22,2028-01-21,Active
505541,3285,,,2022-06-05,2028-03-20,
505542,6963,,10993,2023-07-21,2027-08-21,Pending
505543,5894,Life,10019,2022-07-10,2029-01-08,
505544,3795,Life,9831,2023-12-01,2028-08-05,
505545,1331,Gadget,,2023-11-05,2028-08-05,Pending
505546,1914,Gadget,,2023-09-21,2028-04-23,
505547,6197,Motor,,2025-01-30,2028-11-12,Active
505548,3723,Gadget,,2023-04-08,2027-03-03,
505549,6834,,,2023-12-13,2028-12-04,
505550,1937,,6065,2022-06-16,2026-06-12,Active
505551,6702,Travel,11214,2023-06-04,2026-10-09,
505552,6226,,6130,2024-08-08,2028-06-16,
505553,5294,Medical,,2022-11-24,2027-04-17,Active
505554,1869,,,2023-01-10,2026-05-21,Lapsed
505555,2089,,,2022-04-25,2027-02-19,Lapsed
505556,2355,Motor,,2025-02-26,2027-10-18,Pending
505557,2827,Motor,,,2026-07-25,
505558,1023,Gadget,5227,2024-08-11,2029-01-26,
505559,1843,Medical,,2024-11-21,2027-08-16,Pending
505560,3099,Medical,,2024-10-10,2027-06-28,Active
505561,2609,,9449,2022-06-12,2028-10-18,
505562,5426,Life,2854,2022-04-05,2028-04-11,Pending
505563,5007,Motor,,2022-12-16,2027-11-07,Active
505564,1462,Life,,2022-06-11,2028-10-17,
505565,2318,Gadget,,2025-01-30,2026-06-22,
505566,5583,Medical,,2024-04-11,2027-01-14,
505567,1534,Life,,2023-04-29,2027-12-22,
505568,2770,Medical,,2024-03-24,2027-06-09,Pending
505569,3276,,13099,2024-04-23,2028-06-11,Active
505570,794,Life,,2022-04-30,2027-03-23,Lapsed
505571,5354,,,2024-11-15,2028-02-04,Pending
505572,3624,Life,,2023-06-10,2028-03-24,
505573,2294,Medical,,2024-11-04,2027-11-09,Lapsed
505574,1554,Gadget,1939,2022-05-19,2026-06-28,Pending
505575,5018,,,2023-12-01,2026-06-19,Active
505576,502,,,2025-01-17,2028-12-30,
505577,3182,,,2022-05-29,2027-11-17,
505578,914,,,2023-05-07,2028-10-30,Active
505579,2817,,,2024-06-25,2027-03-23,Lapsed
505580,2064,Travel,4697,2025-03-07,2027-07-17,
505581,3429,Travel,,2023-04-30,2026-11-02,
505582,6293,Motor,,2024-05-03,2026-10-28,Active
505583,3016,,,2022-06-22,2028-09-29,Pending
505584,4596,Travel,,2024-11-19,2028-07-06,
505585,1986,,,2024-10-19,2026-09-04,Pending
505586,2679,Medical,4299,2023-03-08,2026-10-21,
505587,3037,Motor,10337,2023-06-17,2028-07-28,
505588,2526,Travel,,2025-01-29,2028-05-25,Pending
505589,3971,,,2022-05-22,2027-04-07,Active
505590,3336,Travel,,2022-12-23,2027-04-24,Lapsed
505591,1276,Life,,2024-12-30,2027-11-13,
505592,5731,,9721,2022-06-05,2028-01-11,
505593,3602,Life,8789,2023-11-13,2027-07-21,Pending
505594,1626,Travel,2627,2022-11-25,2028-06-12,
505595,1561,,,2024-07-02,2027-06-22,Pending
505596,5576,,10554,2023-06-30,2027-01-13,Active
505597,3346,,5346,2022-05-08,2026-08-02,
505598,3096,Motor,14973,2024-06-06,2028-08-29,Lapsed
505599,3141,,,2023-02-24,2028-05-15,
505600,6554,Medical,,2023-06-07,2027-12-21,Lapsed
505601,11,,,2025-02-20,2026-09-23,Pending
505602,260,Travel,,2022-10-23,2028-11-08,Pending
505603,3082,Medical,,2024-04-16,2028-10-24,Pending
505604,5733,,,2023-06-13,2026-06-24,Pending
505605,3658,Motor,,2024-12-11,2027-04-10,
505606,2956,Gadget,,2024-12-23,2028-05-06,Lapsed
505607,2795,Motor,,2023-10-28,2028-12-03,Pending
505608,3163,Gadget,,2023-11-12,2028-06-21,Lapsed
505609,2528,Life,9873,2025-01-25,2028-04-14,Pending
505610,5125,Medical,,2023-10-17,2027-01-05,
505611,23,Life,10408,2022-08-31,2028-03-07,Active
505612,3256,,5144,2023-07-12,2029-01-17,Lapsed
505613,2606,Medical,,2022-07-31,2026-11-17,
505614,5502,Motor,,2022-05-12,2026-08-07,Lapsed
505615,350,Travel,11103,2022-09-29,2028-07-01,Pending
505616,4682,Travel,,2024-12-28,2026-09-22,
505617,4097,Gadget,3538,2024-11-07,2026-08-20,
505618,2852,Travel,,2024-04-28,2026-06-22,Active
505619,1086,Medical,,2023-10-30,2029-03-10,Active
505620,6467,,,2022-08-24,2028-08-12,
505621,2668,Travel,6726,2023-02-10,2028-07-08,
505622,6892,Life,,2023-11-17,2028-09-19,
505623,4112,,13084,2022-08-22,2027-08-09,
505624,6606,Travel,,2023-10-01,2027-09-29,Lapsed
505625,424,Life,3179,2022-08-03,2026-12-02,
505626,3309,Gadget,14195,2024-03-29,2028-10-26,Pending
505627,1328,Gadget,,2024-12-05,2028-06-23,
505628,5806,Motor,3934,2022-09-23,2028-10-07,Lapsed
505629,2565,Motor,,2022-11-07,2028-10-21,Pending
505630,2457,Motor,,2024-12-26,2026-11-30,
505631,6950,Life,,2023-12-02,2027-11-10,
505632,1718,Motor,8838,2023-05-04,2026-11-26,Pending
505633,477,Gadget,,2022-07-17,2027-07-16,Lapsed
505634,5969,Travel,6869,2022-09-12,2028-08-24,Lapsed
505635,1993,Life,,2024-04-08,2027-12-17,Active
505636,1618,Motor,,2024-05-25,2027-06-09,Active
505637,1484,Motor,,2023-03-24,2026-12-05,
505638,4525,Gadget,11096,2022-05-28,2027-04-01,
505639,2161,Travel,,2024-01-06,2026-05-06,Lapsed
505640,2215,Medical,,2023-12-31,2026-11-25,
505641,1692,Travel,812,2023-02-08,2026-07-04,
505642,3838,Motor,8023,2024-11-11,2028-05-18,
505643,1846,Motor,,2022-12-18,2027-08-12,Active
505644,96,Travel,8845,2024-01-02,2028-07-15,Active
505645,4372,Travel,,2024-07-13,2028-01-05,Pending
505646,2536,Gadget,13255,2024-12-08,2026-04-08,Pending
505647,5943,Medical,,2023-03-20,2027-02-17,Active
505648,4033,,,2024-02-29,2027-05-21,
505649,1228,Life,,2025-01-16,2026-07-01,Lapsed
505650,3862,Life,,2024-01-13,2027-08-24,
505651,5939,,,2024-09-20,2029-01-27,Lapsed
505652,3528,Medical,,2022-04-16,2026-06-03,
505653,140,Gadget,1234,2025-02-11,2026-07-15,Active
505654,5350,Travel,,,2027-04-05,Lapsed
505655,5307,Motor,,2022-09-18,2027-03-30,Active
505656,4662,,,2023-08-27,2026-10-17,
505657,6232,,,2023-08-11,2028-01-17,Active
505658,3878,Medical,,2022-04-09,2026-11-13,Active
505659,6759,,,2023-12-19,2027-05-26,Active
505660,5609,Gadget,13847,2022-05-24,2026-08-04,Active
505661,1372,,,2022-12-11,2027-09-18,Pending
505662,6284,Medical,,2022-03-29,2027-11-23,
505663,2911,Motor,1981,2025-01-31,2027-12-27,
505664,1254,Life,,2024-07-13,2028-12-02,
505665,998,Travel,3101,,2028-05-03,Active
505666,348,Gadget,,2024-03-03,2027-04-20,
505667,5065,Life,,2024-07-04,2028-09-23,
505668,6742,Motor,,2023-08-23,2026-10-10,
505669,1287,Medical,,2022-04-16,2028-10-30,
505670,324,Gadget,9499,2023-11-09,2028-10-03,Active
505671,2717,,,2024-10-30,2026-04-02,Lapsed
505672,1405,,2224,2023-01-31,2026-11-01,
505673,5109,Gadget,13390,2024-04-03,2026-06-14,
505674,5240,Life,,2023-07-28,2027-07-28,Active
505675,6445,,,2024-01-08,2028-12-28,
505676,5514,Life,11633,2023-02-03,2028-07-24,Active
505677,1898,Motor,,2022-08-23,2028-12-31,Lapsed
505678,6101,,6035,2024-03-04,2028-02-03,Pending
505679,4740,Life,,2023-06-22,2026-11-18,
505680,6936,Gadget,7009,2023-12-01,,Lapsed
505681,5205,,5551,2022-04-01,2027-04-30,Lapsed
505682,3666,,675,2024-08-14,2027-06-13,Lapsed
505683,5530,Travel,,2025-02-25,2027-11-08,
505684,3000,,,2023-01-01,2027-10-06,Active
505685,4936,Motor,,2024-12-13,2026-11-09,
505686,3095,Motor,,2024-02-07,2028-09-09,Pending
505687,1775,Travel,5364,2024-09-14,2028-07-16,
505688,6409,Motor,,2023-03-05,2027-04-27,Active
505689,2276,,,2025-01-05,2027-02-16,Lapsed
505690,4384,Motor,,2023-09-08,2027-08-30,
505691,6791,Life,8601,2023-02-23,2027-10-24,
505692,3425,Motor,,2024-07-20,2026-09-18,Active
505693,4795,Gadget,,2023-02-24,2027-11-20,Lapsed
505694,2527,Life,,2022-11-21,2028-10-30,Pending
505695,5950,Medical,,2023-09-01,2027-08-01,
505696,401,Gadget,,2024-01-17,2026-09-05,Pending
505697,3235,Medical,,2023-12-05,2028-08-17,Active
505698,1878,,,2024-04-01,2027-01-27,
505699,314,Life,,2024-11-21,2026-09-09,
505700,6685,Gadget,8918,2024-11-06,2027-05-25,Pending
505701,4920,,,2024-09-14,,
505702,3445,,,2023-01-05,2028-02-14,
505703,627,,2871,2024-06-19,2028-11-21,
505704,831,Life,,2024-11-09,2029-02-24,
505705,5330,,,2022-09-06,2026-07-15,Active
505706,2095,,,2024-08-30,2028-11-26,
505707,2378,Medical,,2023-07-03,2027-04-07,Lapsed
505708,1295,Travel,,2023-01-15,2026-10-14,Active
505709,4216,,,2023-04-25,2028-01-17,
505710,6457,,,2024-03-27,2026-05-26,Lapsed
505711,1671,,,2024-07-04,2029-01-17,
505712,102,Motor,9469,2025-03-13,2028-03-09,Lapsed
505713,6350,,,2024-03-05,2026-09-22,
505714,3346,,,2023-08-13,2026-07-09,
505715,1362,Travel,3910,2023-06-18,2026-06-03,Pending
505716,774,,8937,2024-07-09,2028-05-14,Active
505717,2859,,7611,2023-09-22,2028-12-02,Pending
505718,5081,Travel,13873,2023-01-25,2027-07-18,Lapsed
505719,3769,Life,1137,2024-06-19,2027-05-24,Pending
505720,5708,Life,,2022-07-03,2026-07-19,
505721,5171,Motor,,2025-02-15,2026-06-14,
505722,3645,,14812,2023-04-05,2026-07-19,Active
505723,1118,Travel,10028,2024-01-09,2027-08-06,Active
505724,19,,,2023-12-19,2027-01-16,
505725,4688,,,2022-05-02,2028-01-23,Lapsed
505726,4003,Gadget,,2022-11-21,2027-11-01,Pending
505727,2631,Life,,2023-10-05,2028-02-02,Pending
505728,2922,,8588,2022-11-27,2027-10-19,
505729,3046,Travel,14916,2023-03-15,2027-01-06,Active
505730,5658,Medical,,2022-05-04,2029-02-13,Active
505731,4777,,,2024-08-31,2026-04-24,
505732,4050,,,2024-09-12,2027-08-28,Pending
505733,2444,Life,,2022-05-06,2027-03-24,Pending
505734,6170,Motor,14254,2023-03-15,2027-07-20,
505735,3238,Travel,7477,2025-02-16,2028-05-24,
505736,3334,Life,,2022-03-22,2027-04-29,
505737,5377,Motor,6341,2023-01-28,2028-05-11,Active
505738,4683,Motor,14783,2024-07-12,2026-04-05,
505739,3198,Medical,,2023-03-31,2027-04-12,Lapsed
505740,3664,Motor,13181,2024-11-30,2027-12-23,Active
505741,6490,Life,,2024-02-22,2028-07-29,Pending
505742,1447,Life,,2024-10-31,2027-12-12,Active
505743,3121,,14388,2025-02-16,2026-12-28,Active
505744,6226,Gadget,,2024-01-25,2028-08-14,Active
505745,4580,Travel,3083,2024-03-24,2027-07-30,Lapsed
505746,1882,Travel,,2023-10-17,2028-06-01,
505747,5345,Medical,,2022-09-15,2026-04-26,
505748,5377,Travel,8140,2023-05-25,2026-06-20,Active
505749,1755,Motor,2451,2022-09-23,2028-10-06,
505750,1317,,324,2024-04-07,2026-10-17,
505751,214,Life,,2023-07-31,2028-09-04,
505752,1299,Motor,,2023-11-15,2028-08-24,Active
505753,5631,,,2024-10-06,2027-11-01,Active
505754,1485,Travel,,2024-07-07,2027-08-15,
505755,3237,,,2022-09-28,2027-10-18,Lapsed
505756,4722,,,2023-02-20,2027-01-20,Pending
505757,4664,Gadget,,2024-07-10,2028-11-08,
505758,4931,Travel,,2022-04-14,2027-01-11,Active
505759,5851,Medical,,2024-04-09,2028-10-05,Active
505760,803,Life,,2023-02-02,2029-02-08,
505761,5065,Motor,10805,2025-02-27,2026-11-05,Active
505762,84,Travel,,2022-06-08,2028-05-08,Active
505763,5402,Life,,2024-12-08,2027-09-01,
505764,2222,,,2023-07-23,2026-09-06,Pending
505765,6101,Motor,6597,2024-02-22,2029-03-03,Active
505766,480,Travel,4569,2023-05-24,2027-12-30,
505767,3214,Travel,,2022-07-28,2028-02-13,
505768,1437,,,2022-04-18,2026-03-28,Lapsed
505769,5306,Travel,2369,2024-10-22,2026-07-29,Active
505770,6303,Medical,6260,2023-08-30,2028-02-06,Pending
505771,1809,Medical,,2023-01-29,2026-12-25,Pending
505772,5783,Motor,,2025-01-22,2026-03-23,
505773,4667,Motor,,2024-04-25,2026-08-17,Active
505774,4516,Life,,2024-09-16,2028-03-03,
505775,2649,Gadget,,2023-09-30,2026-09-07,
505776,1490,Life,,2022-04-05,2027-03-08,Lapsed
505777,6971,,,2025-01-18,2028-11-11,
505778,4944,Gadget,,2024-10-07,2027-08-05,
505779,5250,Travel,963,2024-02-29,2026-08-06,
505780,2018,Travel,,2023-04-21,2027-08-10,
505781,1402,Life,,2023-03-11,2026-05-13,Lapsed
505782,4364,,,2022-06-13,,Lapsed
505783,6896,,,2023-11-03,2026-09-01,
505784,778,Medical,,2023-03-27,2027-10-09,Pending
505785,4829,Medical,,2024-12-12,2026-11-18,
505786,2680,Motor,4027,2022-09-12,2027-06-26,Active
505787,2818,Motor,,2022-10-03,2028-12-27,
505788,6672,Life,14517,2024-05-01,2028-06-13,Pending
505789,3748,Medical,,2023-12-24,2027-06-20,
505790,6833,Travel,,2024-03-30,2027-05-30,Active
505791,5924,,516,2023-09-03,2026-04-16,Pending
505792,6358,Travel,,2022-10-27,2027-06-17,Active
505793,2950,Medical,,2023-01-06,2026-11-01,Pending
505794,5603,Life,,2024-11-21,2027-11-29,Pending
505795,5628,Motor,,2023-08-09,2028-10-31,Pending
505796,1641,,,2025-01-10,2028-04-25,Active
505797,3173,Life,7972,2024-10-31,2027-12-14,Active
505798,4703,Medical,,2022-08-14,2028-11-09,Active
505799,3177,Life,14369,2024-01-13,2027-01-21,Pending
505800,3821,Medical,7533,2023-07-05,2028-03-06,Active
505801,3714,,,2025-02-02,2029-01-22,Lapsed
505802,5788,Life,,2022-11-22,2026-05-10,Lapsed
505803,2183,,,2023-01-07,2027-10-19,
505804,4885,Gadget,11695,2024-10-06,2028-09-16,
505805,958,Travel,,2022-04-18,2028-04-11,
505806,620,Gadget,,2024-11-19,2028-11-05,Pending
505807,6361,Medical,11771,2022-09-13,2029-02-24,Lapsed
505808,3538,Travel,,2024-07-09,2029-01-21,
505809,3497,Gadget,,2024-01-18,2028-12-28,Pending
505810,4333,,,2022-05-29,2028-12-07,Active
505811,6733,Life,,2024-03-16,2028-05-02,Pending
505812,3445,Life,7750,2024-03-28,2028-11-16,Active
505813,1519,Travel,,2022-06-18,2027-07-03,Pending
505814,2702,Medical,,2023-08-04,2026-04-29,Active
505815,3537,,,2023-02-15,2027-08-01,Active
505816,6733,Gadget,,2024-03-09,2028-12-13,Pending
505817,2571,Medical,,2023-04-04,2027-11-15,Lapsed
505818,6154,,3011,2022-11-17,2028-07-07,
505819,2028,Life,5493,2022-10-11,2028-01-20,Active
505820,5431,Motor,,2024-05-11,2026-09-11,
505821,6658,Motor,,2025-02-28,2027-03-31,
505822,4655,Medical,6101,2022-05-04,2026-07-17,Active
505823,3163,Life,,2024-09-10,2026-10-09,
505824,2322,Life,,2023-06-03,,
505825,1315,Motor,,2025-03-07,2027-12-02,Active
505826,5833,Motor,,2023-04-02,2027-09-05,Pending
505827,3134,,12456,2024-02-23,2027-12-12,
505828,6681,Gadget,,2024-08-04,2027-02-06,Lapsed
505829,3286,Gadget,,2023-07-30,2027-03-30,Pending
505830,5069,,,2023-04-26,2026-08-02,Active
505831,1643,Motor,1431,2023-01-02,2027-03-27,Pending
505832,157,,,2023-12-30,2026-06-18,Lapsed
505833,3955,Medical,,2023-05-21,2028-03-22,Pending
505834,470,,,2023-11-04,2027-03-03,
505835,3664,Travel,13899,2022-07-16,2027-04-17,
505836,1531,Life,,2023-10-17,2026-05-22,Pending
505837,6803,Life,1384,2022-03-28,2027-02-21,
505838,4808,Life,3494,2022-04-06,2028-03-04,
505839,4812,Gadget,,2023-04-08,2028-07-01,Active
505840,3778,Motor,,2025-01-24,2029-03-11,
505841,1349,,,2023-12-04,2026-06-30,Active
505842,1742,,,2024-09-28,2029-03-04,Lapsed
505843,4304,Gadget,1392,2024-08-21,2029-01-21,
505844,6899,Motor,545,2024-07-09,2029-02-04,Pending
505845,1122,,,2022-04-19,2026-07-08,Pending
505846,746,Medical,,2023-05-27,2026-07-27,Lapsed
505847,5832,Gadget,10979,2024-07-05,2026-05-20,Lapsed
505848,5913,Motor,,2023-01-02,2027-06-29,Active
505849,1139,Medical,11919,2024-06-07,2028-12-19,
505850,2493,Gadget,,2024-06-12,2028-02-27,Pending
505851,5642,Life,,2022-06-01,2027-04-23,
505852,5028,Medical,,2024-10-29,2028-07-02,Pending
505853,3463,Gadget,,2024-05-14,2028-03-25,
505854,6927,,,2023-09-08,2026-08-16,Active
505855,6797,Motor,,2024-09-27,2027-10-11,Lapsed
505856,2593,Life,14575,2022-07-05,2028-11-05,
505857,5058,,7170,2023-10-30,2027-10-06,Active
505858,2152,Motor,,2024-05-16,2026-06-18,Pending
505859,3477,,,2022-05-28,2027-10-13,
505860,5070,Travel,,2025-03-15,2026-10-04,Lapsed
505861,3801,Travel,,2023-10-09,2026-11-05,
505862,2604,Gadget,,2024-02-03,2028-01-27,
505863,2630,Medical,,2024-08-04,2028-03-16,
505864,2426,,,2025-01-28,2028-01-12,Lapsed
505865,446,,5702,2025-02-23,2028-10-08,
505866,3825,Medical,,2023-10-28,2027-02-03,Active
505867,6385,Gadget,,2024-02-12,2028-09-13,Pending
505868,1194,Gadget,,2024-08-17,2029-02-25,
505869,3429,,1688,2024-10-14,2028-10-08,
505870,3013,Life,,2023-02-24,,Lapsed
505871,2945,Motor,,2024-12-13,2029-01-23,Pending
505872,2462,,13237,2022-07-04,2029-03-16,
505873,5249,Motor,,2024-03-08,2027-02-10,
505874,2480,,11937,2024-08-10,2026-11-08,Active
505875,6542,Travel,,2024-01-22,2026-11-08,
505876,4828,Travel,,,2027-02-25,
505877,2750,Gadget,,2023-07-15,2028-10-10,Pending
505878,87,,,2023-11-14,2027-02-13,Lapsed
505879,6521,,,2022-04-15,2027-03-04,Pending
505880,6791,Medical,1143,2024-02-14,2028-12-30,Pending
505881,6228,,13920,2024-07-07,2026-12-05,
505882,1439,Medical,1771,2024-01-06,2028-01-17,
505883,4873,Life,,2023-02-06,,Pending
505884,2315,Travel,,2024-08-07,2028-03-18,Lapsed
505885,5126,Life,,2023-09-21,2027-11-08,
505886,1451,Motor,,2024-03-06,2027-08-03,Active
505887,18,Gadget,,2023-07-20,2026-07-14,
505888,2943,Medical,,2023-12-11,2028-12-12,Active
505889,5917,Travel,6418,2022-07-29,2026-06-30,Active
505890,4993,,,2024-09-28,2026-12-17,Lapsed
505891,2422,Travel,,2023-04-17,2026-11-17,Lapsed
505892,44,,,2024-11-17,2027-01-06,Active
505893,5281,Gadget,,2022-06-21,2027-07-01,Active
505894,323,Gadget,,2024-08-19,2026-05-28,Pending
505895,4134,,,2022-03-22,2028-04-25,Active
505896,4333,,,2024-11-13,2028-01-28,Lapsed
505897,6757,,,2022-06-03,2029-01-27,Pending
505898,4777,Travel,,2024-04-25,2028-03-15,Active
505899,1296,Travel,579,2023-04-21,2027-04-06,Pending
505900,6207,,,2023-10-02,2027-07-02,
505901,1251,Medical,8579,2022-12-24,2026-09-20,Active
505902,4442,Medical,3439,2022-05-04,2028-08-24,Active
505903,740,Gadget,,2022-06-26,2027-06-24,Lapsed
505904,5973,Motor,,2023-12-28,2026-07-04,Pending
505905,2020,Motor,,2022-07-16,2028-03-05,Pending
505906,979,Gadget,,2023-06-03,2027-10-08,Active
505907,5385,Gadget,,2024-03-31,2027-12-29,Active
505908,411,Life,,2023-10-12,2026-05-10,Lapsed
505909,415,,,2023-03-28,2029-01-12,Active
505910,3215,Motor,10256,2024-10-14,2027-02-19,
505911,3296,Travel,14087,2024-03-18,2027-08-01,Lapsed
505912,5021,Life,13622,2022-05-07,2028-12-08,Pending
505913,1801,Life,,2023-03-19,2027-04-10,Active
505914,812,,7242,2023-03-31,2027-05-07,
505915,6245,Gadget,,2022-10-17,2027-08-01,Pending
505916,6353,Medical,,2022-06-11,2026-06-13,
505917,241,Life,,2023-09-12,2027-10-10,Lapsed
505918,1358,Gadget,12801,2025-03-08,2026-07-26,Lapsed
505919,5159,Life,,2022-09-10,2027-05-28,Lapsed
505920,691,,13464,2023-08-27,2028-02-11,Pending
505921,4854,Medical,,2023-07-04,2028-01-10,Lapsed
505922,5766,Gadget,,2024-10-05,2026-06-09,Lapsed
505923,1062,Medical,,2025-02-13,2028-11-18,Pending
505924,4512,Medical,,2022-12-26,2028-10-17,
505925,1286,Travel,,2024-04-18,2028-08-16,
505926,115,Medical,,2022-07-28,2026-03-29,
505927,4406,Medical,,2024-10-02,2028-06-21,Active
505928,3635,Medical,,2023-08-02,2026-07-16,
505929,736,Motor,,2023-03-05,2026-04-29,Lapsed
505930,2033,Travel,,2023-02-24,2026-04-09,Pending
505931,3170,Motor,,2023-04-23,2028-06-05,Active
505932,5282,Medical,,2022-05-22,,Pending
505933,4428,Motor,13020,2023-01-27,2028-07-13,Lapsed
505934,4489,Gadget,,2024-08-17,2028-01-26,
505935,1925,,1405,2022-11-21,2028-05-01,Lapsed
505936,2897,,,2022-05-03,2027-07-02,Pending
505937,2418,,,2022-06-12,2029-02-28,Active
505938,4669,Motor,,2024-08-01,2028-05-20,
505939,5334,Gadget,11050,2022-08-15,2027-08-26,
505940,4998,Life,,2024-06-02,2026-08-08,Lapsed
505941,690,Travel,,2023-08-27,2027-10-30,
505942,1056,,6148,2023-07-24,2028-10-13,Lapsed
505943,2451,Motor,,2024-10-07,2028-08-29,
505944,3444,Life,,2022-05-18,2027-05-30,Lapsed
505945,5690,Medical,,2023-07-02,2028-12-26,
505946,5168,,,2022-04-03,2026-09-19,
505947,1645,Gadget,,2023-03-11,2028-06-20,
505948,6417,,,2024-02-27,2027-12-18,Pending
505949,4412,Motor,,2023-05-16,2028-12-16,Pending
505950,3210,Life,,2023-08-23,2028-05-05,
505951,5115,,14072,2024-02-27,2029-01-08,Active
505952,6863,Life,,2024-12-17,2027-02-05,Pending
505953,5170,Travel,2863,2022-05-26,2027-06-16,
505954,4720,Medical,,2024-01-11,2028-08-23,Active
505955,5077,Travel,11996,,2029-02-13,Pending
505956,1704,Motor,,2023-12-06,2026-07-04,Pending
505957,5763,Medical,,2025-03-09,2026-05-27,Lapsed
505958,6878,Motor,,2022-07-26,2027-08-18,
505959,3407,Gadget,,2022-11-08,2028-11-14,
505960,4443,Motor,13700,2024-12-17,2028-03-04,Pending
505961,3103,,,2024-09-25,2027-02-04,Active
505962,784,Medical,11030,2022-06-15,2027-01-20,Lapsed
505963,1052,,,2022-07-25,2027-11-20,Lapsed
505964,429,Motor,,2023-08-19,2027-09-19,Active
505965,1896,,,2024-04-14,2028-08-05,Lapsed
505966,1189,Travel,,2022-05-25,2028-03-31,Lapsed
505967,1451,Life,,2023-11-13,2027-06-05,Pending
505968,1353,Motor,7855,2024-05-16,2028-10-03,Lapsed
505969,5193,Medical,2154,2023-05-01,2028-01-03,Lapsed
505970,5020,Travel,6790,2024-11-07,2027-08-26,Active
505971,839,,5171,2024-09-04,2026-11-27,Lapsed
505972,2364,,,2023-09-09,2026-06-22,Active
505973,832,Medical,,2023-08-19,2026-07-09,Pending
505974,4924,Gadget,2925,2022-07-08,2026-07-30,Active
505975,99,Life,,2023-01-14,2027-09-22,Lapsed
505976,5156,Travel,,2023-08-18,2029-02-19,Active
505977,1967,Life,,2023-02-25,2026-09-23,Pending
505978,4774,Motor,5586,2024-03-27,2028-11-04,Active
505979,193,,13277,2025-01-13,2026-09-27,
505980,3106,Life,,2023-02-12,2027-08-05,Lapsed
505981,4758,Motor,,2024-11-29,2027-04-22,Pending
505982,4190,,,2024-08-27,2029-03-05,Pending
505983,5113,Travel,14965,2024-09-17,2028-11-14,
505984,6100,Medical,,,2026-11-22,
505985,6835,,,2024-03-27,2026-06-06,Lapsed
505986,3784,Travel,,2025-01-27,2027-11-28,Pending
505987,5933,Medical,,2024-08-15,2028-02-15,Active
505988,4423,,,2024-03-08,2029-03-13,Lapsed
505989,770,Medical,,2024-06-28,2028-08-07,Pending
505990,6074,Life,3830,,2028-12-10,Lapsed
505991,3678,,10437,2022-08-11,2026-11-28,
505992,2444,Medical,,2022-04-06,2026-06-24,
505993,2026,Gadget,,2023-05-19,2029-02-27,Pending
505994,870,Gadget,2523,2022-06-28,2028-06-18,
505995,3867,Life,3609,2022-05-03,2029-01-09,
505996,1122,Life,,2023-03-10,2027-09-06,
505997,2982,Travel,,2023-04-08,2026-06-21,Lapsed
505998,3577,Gadget,,2022-07-04,2028-09-07,Lapsed
505999,6622,,,2022-05-26,2028-06-07,Lapsed
506000,6059,Gadget,14870,2024-11-03,2026-08-14,Lapsed
506001,3360,Medical,,2024-09-28,2026-08-03,
506002,1754,Travel,,2024-08-28,2026-07-09,Lapsed
506003,5271,Travel,,2024-11-13,2029-02-04,
506004,5208,Travel,,2025-02-10,2027-03-23,
506005,5122,Motor,,2024-11-20,2026-03-24,
506006,2110,Medical,5663,2024-03-29,2028-07-12,Pending
506007,5865,Life,13974,2022-09-01,2028-11-22,
506008,4832,,,2024-11-24,2029-02-13,Active
506009,4728,,,2025-01-17,2027-07-28,
506010,6709,,6802,2022-09-08,2027-02-26,Active
506011,1081,Travel,,2024-03-28,2026-10-26,
506012,560,Medical,,2022-10-22,2027-06-24,
506013,5327,,,2024-04-27,2027-08-21,
506014,6790,Medical,,2022-07-16,2027-09-26,Lapsed
506015,5008,Medical,,2023-12-29,2027-06-07,
506016,3979,Gadget,5154,2022-06-07,,
506017,4717,,,2025-01-14,2027-12-11,Active
506018,2350,,,2023-03-24,2027-03-14,
506019,57,Life,,2022-09-01,2026-08-30,Lapsed
506020,6083,Travel,,2023-10-03,2027-03-09,
506021,6407,Life,10955,2023-01-10,2029-03-01,Lapsed
506022,1460,Life,,2023-11-19,2028-10-07,Lapsed
506023,1591,Gadget,,2024-05-15,2027-11-08,
506024,150,Life,11792,2024-11-01,2026-07-29,Lapsed
506025,5892,,,2024-05-28,2027-03-16,
506026,3990,Life,,2023-09-16,2026-08-27,Lapsed
506027,324,Medical,4547,2025-03-11,2027-11-28,Pending
506028,2557,Medical,,2023-06-08,2028-07-04,
506029,2408,Travel,,2022-05-27,2026-08-26,
506030,2731,,,2023-08-17,2027-03-27,
506031,6671,Motor,,2024-08-16,2026-12-14,
506032,1404,Travel,,2024-02-03,2026-11-09,
506033,1424,Travel,13342,2025-03-18,2027-12-03,
506034,3306,,,2024-07-13,2028-10-20,Active
506035,3668,Medical,,2025-02-19,2028-06-25,Pending
506036,6842,Life,9919,2023-09-05,,
506037,4554,,5479,2024-08-15,2027-05-12,Active
506038,4385,Gadget,,2024-06-21,2026-06-17,Pending
506039,2655,,,2023-09-13,2026-11-24,Lapsed
506040,6374,,,2022-06-27,2027-02-06,Pending
506041,236,Travel,,2022-06-08,2027-11-05,
506042,4352,Motor,12899,,,Lapsed
506043,4033,Travel,5468,2023-05-27,2028-02-01,Lapsed
506044,281,Life,,2022-08-21,2029-01-09,Active
506045,1317,Travel,,2023-12-04,2026-07-02,
506046,1042,Life,,2025-02-06,2029-01-25,Active
506047,6520,Life,,2024-07-09,2028-04-25,Lapsed
506048,4495,Gadget,2135,2023-08-23,2028-01-16,Pending
506049,3012,Gadget,,2024-08-02,2027-11-23,
506050,4643,,,2024-09-19,2028-12-30,Active
506051,4932,,3914,2025-03-17,2028-08-05,Lapsed
506052,5245,Travel,,2022-07-03,2027-09-16,Pending
506053,256,,,2025-02-26,2029-02-01,Lapsed
506054,5972,Gadget,6552,2024-04-15,2026-05-22,Active
506055,3084,Motor,1789,,2028-10-08,
506056,6750,,6965,2022-06-15,2027-06-18,Lapsed
506057,1897,Medical,,2022-11-26,2026-11-13,Pending
506058,5270,,,2024-08-02,2027-11-28,Lapsed
506059,6564,,7964,2023-02-03,2026-04-18,Active
506060,418,,,2022-08-17,2026-11-06,
506061,2523,Travel,,2024-04-30,2026-10-26,
506062,1945,,,2022-04-10,2028-03-19,Lapsed
506063,6567,Gadget,,2023-08-05,2028-01-14,
506064,1996,Motor,,2023-11-21,2026-04-14,
506065,3797,Medical,,2024-03-26,2026-08-29,
506066,434,,,2025-03-15,2027-05-15,Active
506067,61,Motor,,2024-02-25,2027-07-10,
506068,6305,,751,2023-05-07,2027-03-01,Active
506069,6535,Travel,,2023-12-29,2029-02-04,Active
506070,3219,Medical,13133,2022-05-22,2027-05-18,
506071,3032,,,2022-10-31,2027-04-20,Pending
506072,1005,Gadget,,2022-03-28,2027-10-27,Pending
506073,3732,,14083,2023-04-28,2026-06-10,
506074,6277,Life,,2024-01-10,2028-12-16,Active
506075,1246,,,2024-09-24,2028-08-25,
506076,627,,,2022-10-17,2028-03-06,Pending
506077,3476,Gadget,,2023-04-07,2028-04-28,
506078,721,,,2023-06-07,2027-02-08,
506079,5877,,,2025-03-03,2026-12-05,Pending
506080,1122,,2148,2024-09-18,2026-10-20,
506081,6279,Life,,2023-07-27,2026-11-17,
506082,4555,,,2024-08-13,2028-11-26,Lapsed
506083,3794,Motor,,2022-11-10,2029-01-23,Pending
506084,6110,,,2024-02-23,2027-02-21,Pending
506085,2900,Life,,2024-07-22,2028-04-01,Lapsed
506086,6720,Life,,2024-05-11,2027-12-15,Pending
506087,3394,Motor,,2022-07-20,2026-08-11,Active
506088,775,,,2022-09-30,2028-02-28,Pending
506089,4187,,,2023-01-11,2028-09-24,Lapsed
506090,3855,Motor,,2023-02-16,2026-11-08,Pending
506091,339,Life,,2024-03-24,2027-08-11,
506092,5154,Life,331,2024-01-23,2027-03-17,Pending
506093,5826,Travel,,2022-06-13,2028-01-23,Active
506094,6411,Gadget,751,2025-02-20,2028-05-04,Active
506095,4294,Medical,,2024-01-19,2026-05-05,Pending
506096,1976,Motor,,,2026-10-31,
506097,5614,Motor,,2022-04-17,2027-10-15,
506098,5642,Life,4848,2022-06-29,2026-06-08,Pending
506099,3553,Motor,5276,2024-04-15,2028-07-23,
506100,2492,Gadget,,2023-04-15,2027-09-17,Active
506101,3960,,,2022-09-06,2029-02-04,
506102,1628,Travel,7179,2024-09-26,,Pending
506103,6765,,6185,2024-03-28,2027-05-01,
506104,4108,,,2022-10-27,2027-06-02,Lapsed
506105,732,Travel,,2024-09-04,2027-06-29,Pending
506106,1911,,4194,2023-10-03,2027-01-20,Lapsed
506107,2565,Life,5448,2024-01-07,2027-06-22,Active
506108,4883,,9455,2023-09-30,2029-01-31,
506109,2376,,,,2027-02-14,
506110,2284,Life,,2024-06-02,2028-01-12,Pending
506111,2597,Medical,,2025-01-09,2028-05-08,
506112,28,Gadget,3635,2022-03-22,2026-08-15,Pending
506113,6444,Motor,,2025-01-26,2027-08-03,
506114,1195,Life,6424,2023-04-13,2028-06-15,
506115,4293,,,2024-03-24,2027-07-25,
506116,6984,Medical,,2023-04-13,2027-01-15,Pending
506117,2800,Travel,,2023-08-24,2027-09-28,Lapsed
506118,1752,Motor,,2023-07-23,2029-01-25,Active
506119,2680,,,2022-06-30,2027-04-17,Lapsed
506120,134,Travel,11199,2023-07-24,2027-08-27,Lapsed
506121,6469,Travel,,2023-11-13,2027-06-20,
506122,2933,Gadget,1307,2022-09-26,2027-10-19,Lapsed
506123,3292,Life,7758,2022-10-30,2028-02-13,Pending
506124,2176,Life,,2023-09-23,2028-03-15,
506125,2828,Life,14501,2025-02-19,2029-02-02,
506126,1423,Travel,,2025-03-10,2026-04-01,Lapsed
506127,6595,,,2023-05-08,2027-11-22,Pending
506128,5719,Medical,2633,2025-03-12,2027-12-10,
506129,3647,Gadget,,2022-04-20,2028-01-24,
506130,4981,Gadget,,2025-01-05,2028-04-26,
506131,500,Travel,,2023-03-29,2029-02-02,Active
506132,2980,Life,,2023-03-07,2028-05-15,Lapsed
506133,1031,,11906,2024-11-13,2027-07-27,
506134,5377,Medical,322,2022-12-22,2026-07-02,Lapsed
506135,4315,Life,,2023-04-24,2026-11-11,Active
506136,945,Gadget,,2022-11-26,2028-06-19,Lapsed
506137,4758,Medical,,2024-02-11,2026-11-23,
506138,1332,,,2025-02-22,2027-12-18,Active
506139,5983,Motor,376,2022-11-19,2028-01-12,
506140,555,Motor,,2023-03-10,2026-05-07,Active
506141,6439,Travel,,2024-06-17,2029-02-26,Active
506142,6859,Motor,,2023-01-12,2026-08-22,
506143,171,,3207,2023-01-13,2028-08-07,
506144,5558,Gadget,,2024-07-30,2028-10-03,Active
506145,3189,Gadget,,2023-11-10,2027-03-27,Active
506146,5980,Motor,,2023-05-24,2028-11-11,Pending
506147,3750,Travel,,2023-04-22,2026-05-02,
506148,5499,Travel,,2023-06-06,2027-05-16,Pending
506149,6423,Medical,,2024-06-14,2026-10-06,Active
506150,603,Motor,,2022-11-22,2029-01-01,Pending
506151,211,,,2024-11-05,2026-06-21,Lapsed
506152,749,Motor,,2024-03-23,2028-03-25,
506153,3408,,,2024-09-14,2027-11-24,
506154,1228,Gadget,,2024-05-02,2029-02-01,Lapsed
506155,3891,Motor,,2022-12-29,2028-02-01,Lapsed
506156,4887,Life,,2023-03-10,2027-06-05,Pending
506157,4275,Travel,,2024-09-24,2027-07-24,Lapsed
506158,1394,,13883,2024-01-11,2027-05-30,Active
506159,3320,Travel,,2023-12-18,2027-09-01,Lapsed
506160,5166,,,2022-08-20,2028-05-21,Pending
506161,5881,,,2022-08-10,2026-11-16,
506162,4846,,9894,2024-10-03,2026-05-26,
506163,4342,Medical,,2025-01-23,2027-12-23,Lapsed
506164,2142,,,2024-02-13,2026-08-09,
506165,6973,Motor,,2024-10-30,2026-05-28,Lapsed
506166,2448,Travel,,2022-06-20,2027-10-18,Active
506167,5490,Motor,,2023-06-03,2028-11-04,
506168,416,Gadget,,2023-01-12,2028-04-14,
506169,1468,Travel,,2024-07-02,2028-10-05,
506170,1429,Motor,11880,2025-02-07,2028-12-13,Lapsed
506171,4350,Motor,790,2023-06-27,2026-09-02,Active
506172,2500,,,2022-12-28,2028-07-13,Active
506173,519,Medical,4615,2024-03-25,2028-02-28,Pending
506174,747,Travel,,2023-08-17,2028-10-20,Pending
506175,2374,Life,,2024-11-30,2028-10-18,Active
506176,4372,,,2022-09-10,2028-01-04,Active
506177,4268,,,2024-02-18,2028-11-13,
506178,2348,Travel,,2023-11-05,2026-09-22,Pending
506179,5260,Gadget,9328,2023-08-07,2027-05-18,Lapsed
506180,3131,Motor,1526,2022-05-25,2026-04-29,Lapsed
506181,3534,Travel,5305,2025-03-04,2028-05-20,Pending
506182,3306,Motor,10504,2023-12-13,2027-09-15,Lapsed
506183,2722,,12659,2024-06-20,2028-11-24,
506184,4340,Medical,3781,2022-12-27,2028-11-18,Lapsed
506185,1836,Medical,6554,2024-07-29,2026-10-17,
506186,5713,Travel,,2022-07-01,2028-09-15,Lapsed
506187,5416,,14010,2024-12-16,2026-06-23,
506188,6786,Medical,,2023-12-04,2028-11-05,Lapsed
506189,701,,5234,2024-05-31,2027-08-06,Lapsed
506190,533,Motor,,2023-09-22,2028-08-30,Pending
506191,4748,Gadget,2170,2024-07-27,2027-06-16,Lapsed
506192,4606,,9324,2023-01-29,2027-09-23,
506193,6396,Travel,,2022-08-16,2026-12-23,
506194,5569,,,2024-06-06,2027-10-10,
506195,1490,Gadget,,2024-04-18,2026-10-23,
506196,6367,,6888,2024-11-19,2027-11-23,
506197,5208,Medical,,2022-05-05,2026-06-22,Active
506198,2356,Medical,,2023-07-19,2028-08-08,Pending
506199,1753,Motor,1364,2023-10-29,2028-06-07,Pending
506200,3066,,,2022-10-27,2026-04-21,Active
506201,4622,,,2025-03-15,2026-12-18,
506202,2962,Travel,,2022-10-18,2027-05-01,Active
506203,6808,,11405,2025-01-02,2027-03-17,
506204,6810,,,2024-08-14,2026-12-08,Pending
506205,5598,Travel,,2023-11-01,2026-03-24,
506206,3005,Life,,2025-03-13,2028-07-25,
506207,4804,Motor,,2023-12-26,2028-10-06,
506208,3648,Travel,,2024-06-12,2027-06-09,
506209,4264,Gadget,10427,2024-01-22,2029-03-08,
506210,2717,,,2023-01-30,2026-04-16,Active
506211,2194,Medical,838,2022-11-19,2028-10-25,Active
506212,4804,Gadget,,2023-03-04,2027-02-20,Lapsed
506213,5435,,10384,2024-11-30,2026-06-10,Active
506214,4731,,,2023-06-18,2026-10-10,
506215,5217,Medical,,2024-10-13,2027-01-13,Lapsed
506216,6584,Motor,,2023-11-08,2028-04-28,
506217,1389,Travel,2212,2023-09-09,,Active
506218,4094,Medical,,2024-05-10,2028-08-10,Lapsed
506219,2626,Motor,3149,2022-12-16,2028-10-31,Active
506220,3443,Gadget,,2023-04-17,2028-02-15,
506221,1804,,,2023-07-07,2026-11-22,Pending
506222,5910,Medical,,2024-08-14,,Lapsed
506223,4542,,,2022-04-14,2027-09-12,Active
506224,5530,Travel,,2024-07-29,2026-04-18,Lapsed
506225,2702,,4889,2023-07-25,2027-07-29,Pending
506226,5897,Gadget,,2024-07-01,2027-05-06,Active
506227,4810,Motor,1530,2024-11-05,2026-11-09,Lapsed
506228,263,Gadget,,2024-08-30,2028-01-29,
506229,1455,Medical,12242,2024-12-02,2028-11-22,Active
506230,698,,8928,2024-09-08,2028-06-06,
506231,6932,,13789,2023-03-15,2027-05-07,Lapsed
506232,1615,,,2023-05-20,2027-01-15,Active
506233,1451,Life,,2025-02-05,2027-01-31,Active
506234,370,Life,391,2024-09-18,2027-03-25,Active
506235,5986,Travel,,2023-08-05,2027-11-14,
506236,5052,Motor,8427,2024-05-27,2028-05-31,Pending
506237,2228,Travel,,2023-11-13,2027-08-30,
506238,6259,Medical,,2023-03-03,2028-07-20,Pending
506239,1752,Motor,13082,2023-10-11,2027-06-14,
506240,4802,Life,3311,2022-11-28,2027-05-10,Active
506241,1933,Gadget,,2024-09-19,2029-03-11,
506242,4889,Gadget,10869,2024-03-01,2027-11-27,
506243,4236,,5246,2023-01-21,2029-02-05,Active
506244,700,Medical,,2025-01-30,2029-03-09,Pending
506245,6369,Medical,5894,2023-12-14,2027-11-12,
506246,796,,,,2029-01-20,Pending
506247,5707,Motor,,2023-07-25,2027-03-06,
506248,5713,Life,,2022-08-12,2028-11-07,Active
506249,744,Gadget,12700,2024-07-24,2027-02-07,Active
506250,3982,Motor,,2023-12-20,2027-05-09,Pending
506251,6175,,,2024-09-19,2027-05-08,Pending
506252,1273,,,2025-01-31,2026-08-09,
506253,1017,,11651,2025-02-11,2027-03-13,Lapsed
506254,5317,Motor,,,2028-05-30,
506255,5231,,,2025-03-08,2028-03-09,Lapsed
506256,1730,Motor,,2025-02-03,2027-08-31,
506257,4412,,,2022-09-24,2028-11-26,Active
506258,1895,Travel,,2023-08-13,2026-10-30,Pending
506259,2125,Motor,,2022-04-29,2026-12-09,Pending
506260,5652,,6459,2023-01-21,2027-11-13,Pending
506261,4619,,,2024-10-14,2028-10-16,
506262,3434,Motor,13927,2023-07-25,2026-10-29,
506263,4740,,9025,2023-12-27,2027-07-01,Lapsed
506264,2740,,1104,2023-06-15,2027-11-19,Pending
506265,2607,Motor,,2022-05-05,2027-07-30,Lapsed
506266,634,Motor,4243,2023-06-19,2027-01-20,
506267,3011,Travel,4823,2022-09-15,2027-12-05,
506268,6795,Medical,,2023-03-21,2028-10-30,Active
506269,4980,,,2024-09-12,2026-10-12,Pending
506270,6706,,,,2027-09-15,Active
506271,3289,Travel,,2022-08-21,2029-02-13,
506272,4503,Motor,,2022-11-09,2026-04-13,Lapsed
506273,721,,8708,2023-06-20,2026-05-11,
506274,3518,,6890,2023-05-31,2029-01-03,
506275,1077,Medical,,2024-05-11,2026-10-23,Active
506276,2399,Travel,,2023-08-04,2029-02-03,Pending
506277,654,,,2023-04-07,2027-11-01,Active
506278,3375,Life,,2022-10-24,2028-07-21,Active
506279,1554,Life,,2022-05-07,2026-05-14,
506280,1347,Motor,11704,2024-10-29,2026-07-09,
506281,1133,Motor,10899,2023-10-16,2028-06-10,Active
506282,4835,Gadget,,2022-11-13,2028-09-23,Pending
506283,253,Life,3799,2025-01-31,2029-02-12,Lapsed
506284,5735,,,2024-01-17,2026-12-27,Lapsed
506285,5075,Medical,,2023-03-10,2028-10-19,Lapsed
506286,919,,,2024-07-05,2028-07-24,Active
506287,3167,Medical,,2024-05-18,2028-03-30,
506288,3516,,8819,2024-11-03,2028-01-22,Active
506289,5464,,,2023-03-30,2026-07-06,Lapsed
506290,6706,,,2024-01-19,2027-01-06,Lapsed
506291,2237,Gadget,,2024-06-16,2026-04-18,
506292,4753,Life,,2023-07-14,2027-05-23,Active
506293,2172,Travel,5063,2025-02-06,2026-09-30,Active
506294,5686,,9182,2023-06-02,2029-02-20,Active
506295,3931,Travel,,2023-01-18,2027-12-08,
506296,1801,Medical,,2022-08-06,2026-03-21,Pending
506297,4256,Travel,,2023-12-06,2026-08-24,
506298,6440,Motor,,2023-05-17,2027-07-19,
506299,1381,Motor,971,2023-04-20,2028-04-24,Pending
506300,1272,,,2024-05-16,2026-09-16,Active
506301,4404,Gadget,,2023-01-31,2027-03-31,
506302,1486,Travel,10131,2024-07-17,2026-12-24,
506303,6300,,7165,2022-04-18,2027-08-31,Active
506304,6572,Gadget,,2024-07-09,2026-06-04,Lapsed
506305,950,Life,,2022-11-22,2029-02-27,
506306,6881,Travel,12776,2024-03-11,2028-07-17,
506307,5424,Medical,,2022-05-31,2026-05-11,
506308,4118,Medical,,,2028-08-30,
506309,2920,Life,9180,2022-03-28,2026-05-05,Lapsed
506310,6373,Motor,,2022-04-16,2028-07-02,Pending
506311,5795,Motor,,2025-01-06,2028-07-03,Lapsed
506312,813,Motor,,2022-04-08,2027-03-09,
506313,284,Travel,,2023-12-28,2027-09-15,Active
506314,4163,Gadget,,2024-01-22,2029-01-04,
506315,5718,Life,2489,2024-08-21,2028-02-12,Lapsed
506316,494,,,2022-11-06,2027-04-04,Lapsed
506317,3622,,,2024-10-12,2026-04-17,Lapsed
506318,6837,,12127,2025-01-07,2026-04-14,Lapsed
506319,1639,Travel,1559,2024-09-11,,
506320,6,Medical,271,2024-03-09,2027-09-10,Lapsed
506321,1678,Gadget,,,,Lapsed
506322,6102,Gadget,3328,2023-09-14,2027-07-08,
506323,6692,Travel,,2022-11-27,2028-03-21,
506324,1492,Medical,13265,2023-05-05,2029-02-12,
506325,3379,Gadget,,2023-03-04,2028-11-01,Active
506326,4074,Travel,,2024-08-30,2026-04-27,Pending
506327,4951,Medical,1490,2023-11-24,2027-04-02,
506328,2125,,,2022-04-21,2028-07-31,Active
506329,4652,Travel,4105,2022-04-04,2027-08-30,
506330,2798,,,2023-05-31,2026-05-25,
506331,1069,Medical,6391,2023-04-18,2026-12-19,Active
506332,3443,Life,6135,2023-06-13,2028-11-19,
506333,457,,,2024-04-04,2028-11-19,Active
506334,1648,,11886,2024-06-15,2028-03-07,Lapsed
506335,1798,Motor,,2023-11-22,2028-09-10,Lapsed
506336,348,Travel,4604,2022-03-20,2026-12-16,Pending
506337,1415,Travel,786,2024-03-28,2028-03-02,Active
506338,2259,Travel,277,2022-08-21,2028-10-04,
506339,2399,Travel,,2022-05-20,2026-12-28,Active
506340,6493,Life,3383,2022-08-17,2026-07-30,Active
506341,1071,,,2023-12-14,2028-11-29,Lapsed
506342,1516,Motor,1779,2023-06-27,2027-10-21,
506343,4513,,,2024-10-12,2029-03-07,
506344,534,,1595,2022-06-21,2027-12-25,
506345,2627,Motor,8043,2024-08-30,2026-08-08,Active
506346,4849,Gadget,,2024-01-02,2027-03-30,Pending
506347,1741,Life,,2024-06-08,2028-03-01,
506348,5117,Motor,,2024-09-15,2026-10-31,
506349,5224,Motor,10209,2023-07-15,2027-03-21,
506350,5645,Medical,,2024-07-11,2026-03-21,Lapsed
506351,488,,5950,2025-03-07,2027-10-10,
506352,6632,Medical,,2023-05-14,2027-02-09,
506353,5432,Life,14731,2023-11-28,2026-06-15,Active
506354,77,Life,,2023-06-01,2027-03-03,
506355,3084,Motor,,2023-02-06,2028-12-29,
506356,2053,Medical,14113,2023-04-16,2026-05-18,Active
506357,2765,Medical,13412,2024-08-23,2027-06-05,Pending
506358,2487,Motor,,2025-02-14,2026-10-06,Active
506359,2687,,,2023-10-17,2026-12-23,Pending
506360,1868,Motor,3318,2023-01-20,2027-10-04,
506361,6643,Gadget,6019,2022-08-04,2028-11-16,Lapsed
506362,2890,Travel,,2024-08-03,2026-04-22,Active
506363,1551,,3682,2023-03-31,2027-05-26,Lapsed
506364,1602,Life,6023,2023-02-03,2028-06-22,Active
506365,2342,Life,,2023-10-27,2028-06-02,
506366,2273,Gadget,,2023-02-20,2027-01-01,
506367,4194,,6550,2022-12-14,2026-12-14,Pending
506368,5849,Medical,534,,2027-11-17,
506369,6071,,,2025-02-16,2027-09-28,
506370,1327,,12542,2023-03-24,2027-04-20,
506371,1754,Travel,9888,2023-08-02,2026-12-22,Active
506372,752,,,2022-11-29,2028-02-17,Active
506373,4093,Medical,,2023-06-08,2029-03-03,Pending
506374,3688,Gadget,,2024-01-18,2027-12-30,
506375,4366,Gadget,,2022-12-11,2027-06-17,Lapsed
506376,2040,Gadget,4319,2023-11-26,2027-05-05,Pending
506377,6634,Life,,2022-07-29,2027-12-05,Lapsed
506378,1679,Life,14554,2024-10-30,2026-11-15,Lapsed
506379,1187,Medical,,2024-10-09,2027-07-04,
506380,3231,,11134,2024-03-29,2027-03-05,Active
506381,6562,,,2024-08-30,2029-01-23,
506382,1737,Motor,9635,2024-02-21,2027-10-12,Lapsed
506383,5383,Life,,2025-02-07,2028-04-08,
506384,4083,,,2022-05-02,2029-02-25,Active
506385,1830,Travel,,2022-06-03,2028-01-13,
506386,6138,,,2022-11-07,2029-01-05,Lapsed
506387,2431,Travel,,2025-02-13,2028-07-07,
506388,4311,Travel,,2022-10-13,2026-12-08,
506389,6670,,,2024-10-19,2026-07-26,Pending
506390,4889,,6418,2024-11-28,2027-09-22,Lapsed
506391,4213,Gadget,,2023-11-15,2027-05-10,Pending
506392,3464,Medical,,2023-01-15,2027-10-09,
506393,4520,,,2023-11-01,2028-09-25,Pending
506394,4870,Gadget,,2023-09-04,2028-06-09,Active
506395,6991,Travel,7427,2024-08-06,2027-11-12,Active
506396,6676,Travel,,2024-05-01,2029-01-01,
506397,4177,,,2024-04-07,2028-01-10,Pending
506398,2656,Gadget,,2022-10-10,2027-03-23,Lapsed
506399,1211,Travel,,2022-10-14,2028-08-03,
506400,134,Travel,,2024-01-14,2026-11-10,
506401,5084,Medical,,2023-11-23,2029-01-05,
506402,5257,Travel,,2023-04-12,2027-07-30,
506403,6885,Gadget,,2024-06-13,2028-07-27,Active
506404,3789,Gadget,,2024-03-28,2029-01-01,Active
506405,587,,,2022-07-11,2026-04-26,
506406,2910,Motor,,2023-05-31,2028-03-05,Active
506407,6108,Travel,14129,2024-02-08,2028-09-11,
506408,215,,,2022-12-16,2027-09-04,Active
506409,2363,Motor,,2022-06-20,2028-07-31,
506410,6863,,,2024-09-04,2026-04-09,
506411,2165,,8223,2022-09-05,2026-11-22,
506412,318,,,2022-12-12,2029-02-21,Active
506413,4060,Gadget,8537,2024-07-26,2028-06-09,Lapsed
506414,71,Motor,11375,2022-05-22,2027-04-04,
506415,4703,,10982,2024-08-31,2026-09-05,Active
506416,3313,Travel,,2024-03-03,2028-11-24,Lapsed
506417,3435,Life,423,2024-08-29,2028-12-02,
506418,1046,Medical,7386,2022-04-27,2028-05-29,Lapsed
506419,2086,,,2024-11-29,2027-10-12,Pending
506420,654,Travel,,2022-04-20,2027-08-20,
506421,1798,Motor,,2023-11-23,2026-10-06,
506422,4334,Motor,14466,2024-02-17,2026-05-11,Active
506423,3965,,,2024-02-28,2028-05-09,Pending
506424,5171,,,2024-03-24,2027-01-29,Active
506425,5507,,2829,2023-07-23,2026-10-17,
506426,3985,Motor,11879,2023-03-07,2029-02-11,Pending
506427,3092,,11893,2024-06-02,2028-03-07,
506428,5255,Gadget,,2023-03-08,2026-08-30,
506429,1850,Travel,,2024-10-13,2026-05-16,
506430,6122,Motor,,2024-10-12,2027-07-14,Pending
506431,5874,Life,,2024-03-05,2029-01-07,
506432,3570,Travel,,2024-05-13,2027-12-17,
506433,3189,Gadget,,2023-06-01,2027-01-09,Lapsed
506434,4763,,,2022-11-10,2028-02-16,Pending
506435,5645,Travel,11486,2023-10-28,2026-04-26,Lapsed
506436,3560,,483,2023-09-19,2028-06-17,Active
506437,517,,,2022-08-06,2028-05-14,Active
506438,4161,Gadget,,2022-06-18,2027-04-02,Pending
506439,4753,Gadget,,2023-08-10,2028-11-22,
506440,2213,Medical,7674,2025-01-01,2028-10-21,Active
506441,5778,Medical,,2022-05-18,2028-01-18,Active
506442,6492,Life,8471,2022-08-24,2028-08-15,
506443,3331,Motor,7395,2024-07-16,2027-08-17,Active
506444,6034,,,2022-03-26,2027-10-15,Active
506445,937,Travel,13443,2024-04-09,2026-07-10,Active
506446,5119,Motor,,2024-07-15,2028-07-07,
506447,2293,Travel,,2024-06-24,2027-02-21,Active
506448,6784,Life,,2024-05-14,2029-03-13,Pending
506449,6366,Life,,2023-08-01,2028-09-04,
506450,3808,Travel,4073,2024-05-12,2026-10-04,
506451,6734,Gadget,8988,2023-08-15,2027-02-25,Active
506452,5137,Medical,4564,2022-05-12,2027-12-16,
506453,4676,,9102,2024-03-02,2027-08-22,
506454,2968,Travel,11614,2025-02-07,2027-11-12,Active
506455,1885,Gadget,,2022-11-22,2029-03-06,
506456,2479,Travel,,2022-09-24,2026-06-06,Active
506457,6129,Travel,4172,2022-07-30,2027-03-30,Active
506458,5944,,6323,2024-12-13,2027-03-31,Pending
506459,4090,Travel,10180,2024-05-14,2026-09-25,
506460,4601,Travel,977,,2028-12-08,Lapsed
506461,4479,Travel,14662,2024-08-21,2029-03-13,
506462,3584,,,2022-08-29,2026-09-28,
506463,4428,Gadget,11131,2022-06-19,2026-12-18,
506464,839,Life,,2023-04-07,2028-02-27,Lapsed
506465,6723,,10061,2022-09-14,2028-01-04,Lapsed
506466,5344,Medical,,2022-05-09,2027-10-15,Lapsed
506467,1163,Medical,13441,2022-03-30,2028-10-12,
506468,4866,Gadget,,2022-10-22,2029-01-07,Active
506469,1297,Gadget,14424,2023-08-21,2027-03-04,
506470,6826,Travel,,2023-09-24,2027-08-07,Lapsed
506471,6970,,,2024-12-14,2027-12-08,Active
506472,125,Life,,2024-11-27,2029-01-19,
506473,2081,,,2023-09-18,2026-07-07,
506474,4397,Life,,2024-10-08,2026-10-15,Pending
506475,78,Motor,,2022-08-05,2027-03-13,Lapsed
506476,2353,,5032,2022-03-28,2027-10-08,
506477,1130,Life,1815,2023-01-05,2028-10-26,Active
506478,2580,,,2024-12-29,2026-06-19,Lapsed
506479,4207,,749,2022-12-17,2026-04-22,
506480,4277,Travel,,2023-03-18,2027-07-03,Active
506481,6801,Motor,,2022-04-29,2026-04-04,Active
506482,2413,Gadget,,2022-09-05,2029-02-22,
506483,1672,,,2022-04-03,2029-01-22,
506484,2801,Travel,,2023-01-05,2028-05-29,Lapsed
506485,4261,,10845,2024-06-04,2026-09-12,
506486,484,,,2024-08-09,2026-07-10,Active
506487,4401,,6821,2024-03-07,2028-04-05,
506488,452,,,2024-11-26,2027-09-04,Lapsed
506489,3102,,2721,2024-02-06,2026-04-07,
506490,1844,Motor,,2023-06-04,2028-06-28,Lapsed
506491,822,Travel,7291,2024-06-06,2028-08-21,
506492,1588,Gadget,,2022-11-24,2027-01-20,Pending
506493,6229,Motor,,2022-07-26,2029-01-20,
506494,4971,Travel,12486,2022-05-27,2029-02-07,Lapsed
506495,1194,Medical,,2023-07-21,2026-05-19,Pending
506496,5787,Gadget,,2025-03-18,2028-10-11,Active
506497,3843,Motor,,2022-09-15,,Lapsed
506498,2399,Medical,,2022-05-23,2028-09-06,Pending
506499,528,Medical,,2024-07-01,2028-01-01,
506500,1741,Motor,,2024-09-07,2028-04-21,Pending
506501,2119,Life,9385,2022-04-30,2028-06-17,Active
506502,5067,Life,,2023-10-23,2026-12-26,
506503,5363,Travel,,2022-09-21,2027-02-18,
506504,3682,Motor,,2023-08-31,2028-06-30,
506505,3626,,4748,2023-01-24,2027-09-17,Active
506506,1995,Motor,13823,2023-09-11,2028-09-14,
506507,634,Medical,,2024-04-20,2026-06-30,Active
506508,1760,Medical,6143,2022-10-29,2027-08-07,Active
506509,3181,,,2024-08-17,2027-12-02,Lapsed
506510,3572,,14115,2024-02-10,2027-11-26,
506511,1313,,,2025-03-14,2029-01-27,Lapsed
506512,6173,Medical,,2022-07-05,2026-05-29,Active
506513,4959,Gadget,,2022-09-02,2026-08-01,Lapsed
506514,2395,Life,5682,2024-10-15,2028-04-01,
506515,2919,Travel,,2024-05-23,2028-07-27,Pending
506516,1767,Travel,8234,2023-08-25,2027-04-21,Lapsed
506517,3070,Motor,,2022-10-27,2028-12-03,
506518,5640,Medical,6511,2023-04-13,2027-05-25,Active
506519,1579,,,2024-09-11,2027-12-30,Lapsed
506520,2479,,,2023-12-08,2029-01-26,Lapsed
506521,6924,Motor,1256,2023-04-08,2027-05-24,
506522,340,Life,5459,2022-08-15,2027-09-23,Active
506523,4136,,,2022-10-02,2026-07-16,
506524,2488,Gadget,9774,2024-09-29,2026-08-04,
506525,3560,,,2025-02-28,2026-09-29,Active
506526,3385,,,2024-06-08,2027-08-18,Active
506527,5069,Life,,2022-11-25,2028-08-07,
506528,6510,Motor,,2022-06-16,2028-02-27,
506529,5377,Medical,,2022-08-04,2026-08-16,Pending
506530,4769,Motor,,2024-10-14,2028-09-04,
506531,2236,Medical,,2023-12-12,2027-04-13,
506532,3145,Medical,,2022-07-24,2027-01-19,
506533,3303,,,2024-03-06,2027-09-25,
506534,34,,2896,2022-11-12,2027-11-25,Pending
506535,5192,,,2022-10-18,2028-10-11,Pending
506536,5921,Motor,10763,2023-02-03,2026-08-06,
506537,3556,Gadget,,2024-11-20,2027-06-14,Active
506538,3660,,10799,2024-03-21,2028-11-10,Lapsed
506539,3428,Motor,,2022-04-02,2029-03-14,Lapsed
506540,3667,Life,,2023-08-26,2028-05-17,Pending
506541,1255,Life,,2024-02-08,2028-02-16,Active
506542,1685,,,2023-10-02,2027-11-15,
506543,6625,Travel,11122,2023-02-07,2026-08-06,Pending
506544,6635,Life,,2023-01-06,2027-01-22,Pending
506545,2796,,,2024-08-20,2026-04-27,Lapsed
506546,177,Life,11024,2022-05-05,2026-09-03,Lapsed
506547,5131,,,2024-07-26,2026-10-19,
506548,635,Motor,9916,2022-05-18,2027-12-23,
506549,6362,,,2025-03-14,,Active
506550,5253,Motor,11103,2024-09-13,2026-07-28,
506551,5692,Gadget,,2023-03-17,2026-12-21,
506552,5278,Life,,2022-11-03,2027-07-16,
506553,6722,Gadget,2274,2023-01-16,2026-04-21,Lapsed
506554,1496,Gadget,,2023-02-20,2027-11-23,
506555,2192,Life,,,2027-07-28,Active
506556,210,Motor,4002,2022-07-01,,Pending
506557,3404,Medical,,2022-04-02,2028-09-04,Active
506558,6234,,14931,2022-12-13,2026-03-29,Active
506559,5132,Medical,12256,2022-06-11,2028-10-10,Lapsed
506560,6468,Medical,,2024-12-19,2028-03-02,Active
506561,1275,Gadget,,2024-02-01,2026-06-25,
506562,2290,,4258,2023-06-23,2028-08-30,
506563,6683,Medical,5855,2022-06-05,2026-04-04,
506564,2613,,,2022-10-22,2028-09-15,
506565,2903,Travel,994,2023-03-14,2026-08-20,
506566,5205,Travel,14367,2024-07-28,2028-10-21,
506567,1200,,,2023-02-16,2027-02-04,
506568,4389,Gadget,,2024-02-10,,Active
506569,6114,Motor,2267,2023-02-13,2026-09-28,
506570,1069,Life,,2023-07-11,2026-09-05,Lapsed
506571,4811,,5659,2024-07-19,2028-01-07,Lapsed
506572,4739,,,2023-02-11,2028-05-03,Pending
506573,2438,Gadget,,2022-11-13,2028-01-04,
506574,5582,Medical,,2024-04-18,2027-02-15,Active
506575,3462,Life,5165,2022-04-16,2028-11-22,Lapsed
506576,3661,,,2024-08-01,2028-10-21,
506577,2205,Motor,9703,2024-05-10,2027-03-30,
506578,6305,Medical,,2023-07-06,2027-03-14,Pending
506579,5649,,,2022-05-05,2027-07-09,Lapsed
506580,1977,Travel,11427,2023-06-30,2028-01-17,Active
506581,4875,Travel,765,2022-05-12,,Pending
506582,3874,Gadget,,2023-05-23,2027-08-18,
506583,4319,Motor,,2024-12-24,2026-05-14,
506584,3820,,,2024-03-27,2028-03-04,
506585,2172,,,2023-10-06,2026-07-21,
506586,2853,Gadget,11354,2024-06-20,2027-07-14,Lapsed
506587,5270,,13534,2024-03-25,2027-08-13,
506588,4643,Motor,11911,2024-09-16,2028-11-02,
506589,3975,Gadget,,2023-07-16,2026-05-28,Lapsed
506590,6962,Life,7595,2023-02-14,2027-03-15,
506591,2933,Gadget,770,2024-09-28,2026-05-23,
506592,5647,,,2022-10-22,2028-05-16,Pending
506593,3460,,,2024-07-10,2027-10-21,
506594,5976,Life,,2024-12-22,2027-05-01,
506595,3341,Motor,,2023-07-05,2026-11-20,Lapsed
506596,5426,Life,,2022-04-25,2027-04-10,Lapsed
506597,4112,Life,,2024-07-15,2026-07-02,Lapsed
506598,4609,Gadget,5616,2023-04-30,2027-01-10,
506599,1058,Life,,2023-02-16,2026-10-14,Active
506600,4450,Medical,1967,2022-05-31,2028-11-05,
506601,5584,Medical,,2025-02-22,2027-09-30,Active
506602,3040,Motor,,2024-04-28,,Active
506603,5224,Medical,6097,2023-08-29,2026-04-28,Pending
506604,5409,Gadget,,2022-06-28,2028-02-14,Lapsed
506605,143,Life,,2023-09-19,2026-10-26,Lapsed
506606,977,Life,,2023-11-26,2026-06-21,Lapsed
506607,6842,Motor,,2025-01-26,2027-03-28,
506608,337,,4812,2022-06-02,2027-02-13,Lapsed
506609,1827,Life,4868,2022-08-14,2026-12-17,Lapsed
506610,4789,Life,,2022-05-31,2026-08-09,Pending
506611,5112,Life,,2022-09-07,2028-03-03,Pending
506612,6045,Motor,14397,2023-06-23,2026-04-28,Active
506613,2424,Medical,,2024-01-14,2028-03-30,
506614,6202,,620,2023-05-19,2026-05-04,Active
506615,2021,Medical,,2024-01-12,2026-05-26,
506616,589,Travel,,2022-10-27,2026-05-08,
506617,5159,Gadget,,2022-10-05,,Pending
506618,1537,Travel,9372,2024-01-14,2027-01-06,Lapsed
506619,561,Motor,14444,2024-01-06,2026-09-08,Active
506620,1357,Motor,,2022-05-18,2028-10-07,Lapsed
506621,344,,,2023-02-20,2026-08-22,Pending
506622,6477,Medical,,2024-03-25,2027-10-22,Active
506623,1380,,,2023-02-04,2027-12-28,
506624,2949,,,2024-12-04,2027-11-27,
506625,5047,Life,12836,2023-10-12,2028-09-28,Lapsed
506626,846,Travel,,2024-09-28,2027-12-24,
506627,3654,Motor,,2024-12-30,2028-09-13,Lapsed
506628,3458,Gadget,,2024-06-02,2026-06-30,Active
506629,4461,Travel,,2023-10-03,2026-06-20,Lapsed
506630,1271,Gadget,,2024-11-01,2026-11-21,
506631,498,,,2022-05-04,2026-12-07,Active
506632,4932,Gadget,,2023-07-06,2026-07-26,Lapsed
506633,5183,,,2023-05-04,2026-09-07,
506634,5712,Medical,11676,2023-05-03,2026-06-23,Lapsed
506635,2916,Medical,,2025-01-02,2028-01-30,
506636,3067,Gadget,,2022-05-02,2027-02-12,
506637,5360,Travel,,2023-03-03,2027-05-28,
506638,1621,Medical,13823,2024-08-13,2027-02-03,
506639,3153,Travel,,2024-12-11,2027-05-15,Active
506640,2648,Medical,,2022-08-21,2027-03-14,
506641,5459,Life,14574,2024-11-15,2027-10-30,Lapsed
506642,1122,Motor,,2024-10-05,2027-01-08,Active
506643,2006,Life,,2024-04-23,2027-06-18,Active
506644,5614,Life,10604,2022-12-13,2026-09-05,Lapsed
506645,5891,Motor,,2023-02-17,2028-02-09,Active
506646,679,Medical,,2023-08-28,2029-01-10,Lapsed
506647,2519,Medical,,2024-07-24,2026-03-27,Pending
506648,2315,Life,,2024-06-11,2028-07-27,
506649,1760,Medical,,2022-09-28,2026-08-30,Pending
506650,1391,Gadget,14783,2022-12-10,2027-05-02,Pending
506651,5406,Gadget,6012,2024-07-12,2028-09-17,
506652,6962,Medical,295,2023-12-08,2026-11-30,Pending
506653,1508,Gadget,6005,2024-06-11,2028-04-06,
506654,2627,,6274,2024-01-01,2027-03-26,
506655,3760,Motor,,2024-08-14,2026-12-11,Pending
506656,3688,Life,,2025-01-16,2028-01-03,
506657,3880,Medical,,2024-12-05,2027-11-15,
506658,5860,,12817,2024-06-01,2027-02-27,
506659,1296,Life,13865,2023-07-06,2027-06-02,
506660,1184,Motor,1174,2025-01-04,2028-03-04,
506661,4964,Life,,2022-04-04,2026-07-23,Lapsed
506662,6846,Medical,11077,2024-12-19,2029-02-08,Lapsed
506663,2278,Motor,,2023-02-18,2027-02-17,
506664,6870,,,,2026-04-01,
506665,3686,Motor,13328,2023-04-09,2027-03-29,Active
506666,4594,,,2022-06-03,2027-05-09,Lapsed
506667,3624,Gadget,,2024-01-11,2028-07-20,Lapsed
506668,2254,Medical,,2024-04-01,2026-05-22,Active
506669,199,Motor,,2024-02-05,2028-01-30,Active
506670,2370,Motor,,2023-12-26,2027-05-01,Lapsed
506671,2408,,3451,2023-09-02,2027-12-25,Lapsed
506672,5515,,,2022-09-17,2028-01-15,Pending
506673,6641,,14440,2022-12-07,2026-12-03,Pending
506674,458,Life,,2022-11-14,2028-12-19,
506675,3559,Gadget,6077,2024-07-16,2028-10-24,Lapsed
506676,902,,1774,2023-10-04,2027-12-17,Lapsed
506677,3209,Life,,2023-02-21,2028-11-04,
506678,6035,,,2023-06-19,2028-07-28,
506679,4249,,1257,2023-10-21,2026-07-10,Active
506680,4406,Motor,,2024-10-10,2027-12-02,Lapsed
506681,3523,,,2023-11-05,2028-07-25,Lapsed
506682,4548,Motor,,2022-04-14,2026-08-30,Active
506683,2316,Life,,2023-10-16,2026-07-17,Active
506684,902,Life,,2024-10-02,2026-11-17,Active
506685,6901,Motor,,2023-02-03,2027-07-13,
506686,4298,Motor,2908,2024-04-14,2026-10-23,Pending
506687,5979,Gadget,,2023-07-31,2026-04-09,Lapsed
506688,360,,13205,2024-01-21,2028-12-24,Pending
506689,1137,Motor,1378,2023-05-04,2028-06-18,Active
506690,5414,,6985,2023-06-07,2028-06-25,Pending
506691,3998,Motor,,2024-03-18,,
506692,5285,Medical,13524,2023-10-25,2029-03-15,
506693,508,,,2024-07-17,2026-12-07,Pending
506694,3818,Travel,10164,2023-01-08,2028-05-28,Active
506695,5273,Travel,14938,2023-01-12,2028-09-16,
506696,6572,Motor,,2024-02-17,2027-05-10,
506697,5180,Gadget,,2023-08-20,2028-02-28,Pending
506698,5006,Medical,,2023-02-26,2026-04-27,
506699,67,Motor,,2023-10-26,2027-05-15,Lapsed
506700,4724,Medical,,2022-12-06,2026-09-12,
506701,2628,Life,,2023-04-13,2027-06-18,Active
506702,676,,,2022-06-29,2026-09-17,Lapsed
506703,2329,Gadget,,2024-06-28,2027-02-17,Active
506704,1032,Travel,,2025-02-17,2028-01-23,Lapsed
506705,1305,Medical,,2024-06-15,2026-07-03,
506706,3492,,,2023-10-23,2026-10-04,Active
506707,5662,,,2023-05-14,2027-10-09,Active
506708,1651,Motor,,2022-12-21,2029-03-14,
506709,4431,Life,,2023-09-08,2027-12-08,Lapsed
506710,4284,Gadget,10283,2024-07-17,2028-05-18,Active
506711,4909,,,2022-04-07,2026-07-16,
506712,1765,,,2023-02-15,2027-04-17,Active
506713,559,Medical,7485,2022-06-24,2026-07-09,Lapsed
506714,3762,Life,585,2023-08-18,2028-02-19,Active
506715,850,,,2022-11-17,2028-02-20,
506716,2090,Medical,3341,2023-09-29,2028-08-17,
506717,2226,Medical,,2022-09-11,2027-10-23,Lapsed
506718,5895,,,2022-11-10,2026-08-17,
506719,4,Medical,13233,2025-03-17,2027-07-07,
506720,4406,Gadget,,2024-03-11,2028-08-08,
506721,3689,Gadget,5733,2023-07-07,2027-12-26,
506722,1709,Travel,,2023-06-05,2028-12-28,Lapsed
506723,4895,Medical,13202,2022-05-30,2027-10-04,Lapsed
506724,5200,Life,,2023-12-10,2028-02-07,Lapsed
506725,6205,,,2024-08-06,2027-12-16,Active
506726,2426,Motor,,2022-03-27,2027-04-03,
506727,1411,Medical,4724,2023-02-07,2029-01-15,
506728,943,Travel,12058,2022-07-20,2029-01-14,
506729,6659,,9690,2022-06-09,2026-10-31,Lapsed
506730,2051,,,2024-11-04,2028-10-12,Lapsed
506731,477,,,2023-03-23,2027-06-28,
506732,4155,Gadget,,2024-08-06,2028-09-30,
506733,309,Travel,4456,2022-04-17,2029-01-21,Pending
506734,1424,Travel,,2024-07-01,2027-05-30,
506735,3251,Medical,,,2026-10-25,
506736,2202,Medical,,2022-04-18,2028-01-17,
506737,4774,Life,3120,2022-04-13,2028-05-07,
506738,369,Life,,2023-07-21,2029-02-05,Active
506739,3140,Travel,11166,2022-07-17,2027-08-16,Lapsed
506740,3441,Life,,2024-01-17,2028-05-18,Active
506741,243,,,2024-07-21,2026-06-19,Active
506742,2325,Life,,2024-08-28,2026-08-04,Pending
506743,681,Motor,,2025-02-21,2027-12-17,
506744,3515,Life,,2024-01-27,2027-01-08,Active
506745,2137,Travel,,2023-04-24,2028-05-10,Active
506746,5379,Medical,,2023-01-12,2029-01-17,Active
506747,2285,Gadget,8987,2023-12-13,2029-02-13,Active
506748,2360,Medical,11151,2023-03-29,2027-08-07,Pending
506749,190,Travel,2787,2024-10-19,2028-02-20,Pending
506750,729,,2587,2023-06-23,,
506751,5344,Gadget,,2023-11-21,2029-03-03,Active
506752,5716,,423,2022-09-07,2027-01-01,
506753,15,Motor,8898,2023-01-28,2028-07-21,Active
506754,3266,Travel,2371,2023-12-29,2026-11-21,
506755,766,Travel,13794,2022-12-04,2027-10-26,
506756,3829,,,2023-09-27,2026-04-19,
506757,5150,Travel,,2024-02-21,2027-06-11,
506758,4556,Medical,,2024-10-08,2026-06-14,Active
506759,3239,,,2023-07-26,2028-05-24,Lapsed
506760,832,,,2022-08-27,2026-05-01,Lapsed
506761,1270,Gadget,5755,2023-04-14,2028-08-16,Active
506762,3769,Motor,,2022-07-10,2026-12-27,Pending
506763,4079,Life,,2024-11-04,2029-02-06,
506764,2367,Gadget,3569,2024-09-02,2028-01-03,Pending
506765,6151,,14712,2024-02-09,2026-03-21,
506766,4182,Travel,,2024-12-22,2028-10-10,Active
506767,5448,,1234,2024-11-01,2026-10-26,Lapsed
506768,215,Travel,3525,2024-03-10,2027-03-04,Lapsed
506769,3607,Travel,,2024-03-18,2029-01-26,
506770,2892,,6354,2024-05-11,2026-06-26,Lapsed
506771,6406,Travel,,2023-04-14,2027-08-24,
506772,2746,,,2024-08-16,2028-06-23,Lapsed
506773,1550,Motor,13255,2024-12-10,2029-01-19,Lapsed
506774,3356,Medical,,,2028-06-18,Lapsed
506775,2309,Gadget,,2022-08-20,2027-08-11,Pending
506776,4036,Motor,,2022-12-10,2026-07-08,Pending
506777,4152,Motor,,2022-08-27,2027-08-01,Pending
506778,6777,Motor,,2023-12-18,2027-08-10,
506779,510,Motor,,2024-06-02,2028-02-24,
506780,1689,,,2022-07-28,2028-11-21,Active
506781,3483,Motor,,2024-03-05,2027-06-10,
506782,444,Motor,,2022-05-22,2028-06-21,Active
506783,5252,Motor,,2023-09-03,2028-11-13,
506784,6685,Medical,,2024-12-25,2027-11-12,
506785,5865,Medical,,2025-01-23,2027-12-28,Pending
506786,2671,,13867,2022-09-06,2028-11-01,Lapsed
506787,5746,Motor,,2024-10-09,2028-05-27,Pending
506788,4059,Travel,,2022-10-15,2027-12-27,Active
506789,2311,Life,714,2025-01-18,2029-01-07,
506790,5012,Motor,9321,2025-03-11,2026-11-03,
506791,3392,Gadget,5342,2024-07-14,2026-10-07,Active
506792,1392,Gadget,6819,2022-10-11,2028-11-28,
506793,6699,Motor,,2024-05-30,2028-01-24,Pending
506794,4452,,9487,2023-04-11,2028-07-30,Active
506795,3998,Medical,,2023-07-07,2027-08-24,
506796,6972,,,2022-12-22,2027-02-13,Pending
506797,477,Gadget,,2024-10-16,2026-08-06,Active
506798,4764,Medical,,2022-08-17,2029-01-13,
506799,2088,,7332,2024-02-24,2028-05-26,Lapsed
506800,5443,Life,,2022-07-28,2027-11-25,Lapsed
506801,3035,Travel,,2022-09-17,2027-12-24,
506802,3029,Medical,,2023-06-23,2028-09-13,Lapsed
506803,6949,Gadget,,2025-02-05,2028-06-03,Active
506804,4451,,9343,2023-10-19,2029-01-17,
506805,4411,Life,,2023-06-27,2026-06-13,
506806,1812,,,2022-05-24,2028-07-14,Lapsed
506807,4543,Travel,,2022-04-26,2027-12-02,Lapsed
506808,2761,,12567,2023-04-03,2028-09-11,
506809,163,,,2023-10-22,2029-01-09,Active
506810,4410,Medical,,2022-06-22,2028-07-27,
506811,6009,Travel,,,2027-05-23,Active
506812,3313,,,2023-07-06,2028-01-17,Active
506813,5691,Life,,2023-01-29,2026-07-31,
506814,885,Life,,2022-12-18,2026-12-02,Active
506815,2709,Motor,6756,2024-08-04,2028-05-03,Active
506816,1323,Motor,,2024-05-31,2029-02-26,
506817,5931,Medical,3663,2023-03-09,2028-12-24,
506818,2264,Gadget,,2022-08-02,2027-10-27,
506819,5479,Motor,,2023-03-21,2028-02-02,Active
506820,2177,Medical,4273,2024-09-02,2029-02-10,Pending
506821,5294,Travel,13325,2023-03-03,2028-10-06,
506822,5247,Life,,2024-12-24,2026-05-13,Lapsed
506823,927,Motor,,2024-11-18,2026-12-08,
506824,2623,Medical,,2023-01-23,2027-07-30,Lapsed
506825,1454,,,2022-04-18,2028-11-07,Lapsed
506826,3735,,,2024-06-08,2028-07-13,Lapsed
506827,5906,,4703,2023-07-15,2028-08-12,
506828,4379,Life,,2023-09-29,2026-09-03,
506829,6121,Travel,14026,2023-02-04,2028-04-11,
506830,3116,Motor,,2023-09-05,2027-07-26,
506831,2222,Motor,,2023-05-05,2028-05-21,Lapsed
506832,6717,Travel,,2024-01-15,2029-01-24,
506833,5347,,,2024-12-03,2029-01-27,Pending
506834,3433,Gadget,5294,2024-07-23,2028-07-22,
506835,3344,Medical,14387,2024-03-15,2027-03-24,Lapsed
506836,4059,Travel,,2024-05-18,2026-06-15,Active
506837,6756,,,2024-04-03,2026-09-04,Pending
506838,5237,Life,5022,2024-08-28,2028-02-14,
506839,4288,Life,5665,2024-04-29,2026-07-08,Pending
506840,6267,,7603,2023-03-02,2027-02-28,Active
506841,4365,Gadget,10588,2022-12-11,2028-06-08,Active
506842,434,,14321,2025-02-26,2026-03-24,Lapsed
506843,2176,Travel,,2024-11-08,2027-10-11,Active
506844,5640,,,2022-06-20,2026-08-23,
506845,1464,Medical,,2022-03-23,2028-01-05,Pending
506846,184,Travel,9079,2023-09-30,2028-03-24,Pending
506847,136,Gadget,9942,2024-03-03,2028-02-27,Pending
506848,5584,,,2023-02-10,2027-09-28,
506849,4781,Motor,,2024-07-20,2026-05-13,Pending
506850,354,,,2024-06-10,2027-12-06,Active
506851,5272,,2668,2022-11-17,2026-05-30,
506852,2934,,,2022-06-30,2027-10-17,Pending
506853,4117,,,2024-11-18,2027-10-26,Pending
506854,4749,Travel,,2022-09-15,2027-12-01,
506855,5426,Gadget,4165,2024-12-01,2026-07-02,Lapsed
506856,4531,Gadget,13271,2023-07-14,2028-04-03,Pending
506857,1028,Motor,5354,2024-10-19,2027-08-03,Lapsed
506858,5853,Gadget,,2025-03-15,2028-09-04,
506859,6014,,,2023-11-11,2026-05-29,Pending
506860,1980,Medical,,2024-04-04,2029-03-06,
506861,3780,Gadget,,2022-06-24,,
506862,3733,,,2024-01-26,2028-04-10,
506863,930,Motor,13021,2024-05-06,2029-01-05,
506864,5193,,,2024-05-07,2028-10-03,Active
506865,2153,,12165,2023-01-06,2027-03-10,Lapsed
506866,3413,,,2023-08-16,2028-08-04,Active
506867,132,Travel,,2022-09-15,2027-12-30,Pending
506868,2368,Gadget,12887,2024-10-07,2028-04-28,Active
506869,848,Gadget,8205,2023-03-19,2028-01-05,Lapsed
506870,6169,Medical,2540,2023-08-08,2026-12-08,
506871,3496,Motor,,2025-03-12,2028-10-29,
506872,4615,Motor,,2024-04-26,2026-12-01,
506873,1918,,,,2027-04-28,
506874,2733,Motor,,2022-04-11,2028-09-25,Pending
506875,5637,Motor,13661,2024-01-03,,
506876,3880,,,2022-10-07,2028-04-01,
506877,4373,Motor,,2023-11-23,2028-04-08,Active
506878,6818,Life,,2022-12-29,2026-08-07,Active
506879,6576,Travel,,2022-09-18,2028-06-26,
506880,2966,Gadget,8638,2023-12-03,2028-01-26,Lapsed
506881,2139,Gadget,,2024-10-07,2028-10-29,Lapsed
506882,3836,Gadget,,2024-11-07,2026-09-21,
506883,6205,Medical,,2024-08-13,2026-07-28,Active
506884,3786,Motor,,2024-10-06,2028-04-17,
506885,4073,Travel,,2023-02-12,2026-12-31,Lapsed
506886,335,Gadget,13272,2024-09-23,2027-12-13,
506887,6775,,13179,2025-01-06,2027-06-17,
506888,4719,Motor,,2024-08-02,2027-03-20,
506889,2104,Motor,,2024-01-27,2028-11-28,Active
506890,1217,Motor,5103,2023-02-19,2028-06-11,Lapsed
506891,2927,Medical,7100,2022-07-19,2027-09-07,Lapsed
506892,2633,Travel,,2025-02-18,2026-12-17,Active
506893,4775,,,2024-05-03,2029-02-15,Active
506894,5146,Gadget,9587,2023-10-15,2027-03-23,
506895,3346,Life,,2024-03-13,2027-10-22,Active
506896,3400,,,2024-12-14,2028-03-04,Pending
506897,6159,Medical,,2024-11-20,2027-02-26,
506898,1838,,5141,,,
506899,6422,,,2023-01-18,2028-02-28,Active
506900,934,Medical,,2024-01-05,2028-11-28,
506901,6958,Life,906,2022-07-06,2026-06-10,
506902,5636,Medical,3604,2025-01-25,2026-12-17,Lapsed
506903,2069,Gadget,,2023-08-25,2026-08-06,Lapsed
506904,3024,Travel,12767,2024-10-26,2026-11-11,
506905,4142,Travel,2928,2024-03-13,2028-02-23,Active
506906,2137,Gadget,,2024-08-30,2027-11-24,
506907,3863,Gadget,,2024-05-01,2027-07-08,Pending
506908,4604,Travel,,2023-09-26,2027-11-05,
506909,6417,,11970,2025-01-14,2028-09-15,
506910,5216,Gadget,,2023-06-12,2027-09-20,
506911,2800,,545,2022-10-03,2026-10-15,Active
506912,3138,Medical,14041,2023-01-26,2027-03-21,Active
506913,4993,Travel,1467,2022-09-18,2028-08-31,
506914,6895,Life,,2024-04-23,2026-05-03,
506915,1993,Life,,2023-12-06,2028-08-01,Active
506916,5613,Gadget,11965,2022-11-16,2026-08-28,Pending
506917,218,Life,,2022-11-28,2026-07-17,Pending
506918,3505,Life,,2023-01-01,2028-08-28,
506919,5411,Travel,11062,2022-06-09,2026-09-05,Pending
506920,3132,Medical,,2022-12-17,2028-12-29,
506921,6569,Motor,,2023-02-19,2027-11-06,
506922,4692,Life,8804,2023-02-22,2027-06-26,Lapsed
506923,5041,Gadget,14497,2023-05-21,2028-12-03,Active
506924,2586,Motor,13888,2022-04-25,2027-05-27,Active
506925,6377,Life,,2023-02-05,2026-10-30,
506926,4258,,,2024-06-12,2027-06-27,
506927,2799,Medical,,2025-01-22,2026-04-10,
506928,5706,,9683,2023-03-25,2028-08-03,Active
506929,4074,Life,8298,2023-06-19,2028-08-08,
506930,6366,Gadget,13909,2023-03-10,2026-09-29,Pending
506931,1284,,,2022-05-18,2028-08-15,Active
506932,359,Medical,,2024-12-21,2028-12-09,Lapsed
506933,2274,Gadget,10739,2022-04-02,2027-01-02,
506934,6409,Gadget,,2024-12-18,2026-05-14,
506935,69,Gadget,,2022-06-11,2027-08-30,Lapsed
506936,2026,Gadget,2575,2025-03-15,2026-07-28,Pending
506937,9,Gadget,,2023-06-02,2028-05-21,Pending
506938,281,Medical,,2024-11-08,2028-06-20,Active
506939,1576,Travel,2058,2025-01-21,2027-10-20,
506940,5315,,,2024-11-22,2028-11-02,Lapsed
506941,793,Medical,,2024-04-21,2027-05-24,
506942,307,Travel,,2022-07-27,2026-10-03,
506943,3961,,,2023-01-28,2027-04-18,Lapsed
506944,146,,,2022-12-19,2026-12-31,Active
506945,3566,Medical,,2024-09-22,2028-11-02,Lapsed
506946,443,Gadget,,2023-04-22,2028-02-16,
506947,3927,Medical,,2024-10-04,2027-02-25,
506948,309,Medical,5824,2023-02-03,2026-10-16,
506949,4578,Travel,12177,2023-10-12,2028-05-24,Lapsed
506950,5528,Medical,,2024-09-27,2027-03-12,Active
506951,5693,,,2022-04-06,2026-07-24,Active
506952,6386,,11462,2022-06-29,2026-09-22,Pending
506953,5689,Medical,,2024-01-20,2027-08-12,Pending
506954,3778,Life,7870,2024-04-04,2027-03-12,Lapsed
506955,5453,Gadget,,2023-06-22,2028-09-15,Lapsed
506956,4679,Gadget,13425,2022-09-10,2029-03-02,
506957,4041,Life,,2022-03-28,2028-06-19,
506958,2419,,,2024-09-12,2027-07-13,Lapsed
506959,2722,Medical,,2023-10-22,2027-02-15,Pending
506960,4150,Motor,3419,2025-01-27,2027-01-09,Active
506961,577,Medical,,2024-02-03,2028-12-25,
506962,1269,Gadget,14031,2023-05-13,2027-03-26,
506963,200,,13126,2024-12-26,2027-01-01,Pending
506964,6579,,,2023-04-03,2026-08-26,Pending
506965,5493,Medical,,2024-04-17,2029-01-27,Active
506966,1409,Motor,,2024-05-22,2026-08-08,Active
506967,2713,Life,639,2024-12-28,2027-06-26,
506968,3825,Gadget,,2024-03-23,2027-04-29,Lapsed
506969,5341,Motor,5813,2022-11-06,2028-10-14,
506970,4660,Motor,,2022-07-16,2028-11-07,Pending
506971,3921,Motor,,2024-01-31,2028-06-19,Lapsed
506972,3320,Travel,,2023-01-05,2029-01-27,
506973,5191,Life,,2023-07-26,2027-05-11,
506974,4579,Gadget,,2023-05-09,2026-07-24,
506975,4752,Life,,2022-04-29,2027-04-07,Pending
506976,2946,,8025,2024-06-28,2027-11-24,
506977,1754,Travel,,2022-05-07,2028-07-29,Lapsed
506978,6469,,,2023-07-16,2027-09-16,Pending
506979,5,Gadget,,2022-07-24,2029-03-15,
506980,1609,Medical,,2023-07-31,2028-01-29,
506981,3567,,,2022-05-10,2027-06-07,Lapsed
506982,949,Life,12691,2023-06-28,2026-09-07,
506983,1019,Travel,,2023-02-22,2028-09-06,Active
506984,5360,Medical,,2022-10-04,2027-05-22,
506985,5907,,9790,2022-10-19,2026-09-30,
506986,5311,Travel,,2022-10-19,2027-05-03,Active
506987,5126,Gadget,3846,2024-10-04,2026-11-22,Pending
506988,1343,,,2023-12-22,2028-05-21,
506989,1947,,8083,2022-05-01,2027-01-12,Pending
506990,1521,Life,,,2027-07-17,Active
506991,2998,Travel,10277,2024-07-01,2028-03-06,Active
506992,1439,,14149,2024-06-26,2028-06-23,
506993,4032,,,2024-12-07,2026-07-27,Pending
506994,6037,Gadget,,2023-11-24,2027-03-02,
506995,1038,Travel,,2022-04-26,2027-02-01,Lapsed
506996,5328,Motor,,2023-11-24,2028-06-17,
506997,2,,5977,2024-06-04,2028-10-14,Pending
506998,4498,,,2023-04-09,2026-05-26,
506999,530,,,2024-05-31,2029-02-07,Active
